1,1,47,26,1,28,45,42,15,50,36,33,49,35,31,1
1,1,31,43,21,10,1
1,1,47,46,10,1
1,1,31,2,49,2,31,1
1,1,39,9,27,20,1
1,1,47,46,24,38,24,1
1,1,26,44,26,1
1,1,20,27,12,40,31,1
1,1,10,23,8,18,40,31,1
1,1,29,1
1,1,47,36,31,1
1,1,31,40,37,4,25,12,1
1,1,32,1
1,1,47,38,3,32,30,50,39,1
1,1,32,19,8,41,29,1
1,1,12,4,12,1
1,1,31,27,7,20,1
1,1,17,5,1
1,1,47,14,40,31,1
1,1,12,6,7,18,14,34,39,1
1,1,31,13,31,1
1,1,29,22,41,29,1
1,1,47,14,48,14,40,31,1
1,1,47,11,8,29,1
1,1,47,16,31,1
2,1,47,31,28,42,50,36,31,1
2,1,26,1
2,1,47,46,42,39,2,12,1
2,1,45,40,30,50,39,1
2,1,10,21,10,1
2,1,39,50,19,32,1
2,1,47,15,46,24,23,33,42,1
2,1,47,43,1
2,1,45,9,27,7,20,1
2,1,26,44,26,1
2,1,20,37,13,31,1
2,1,10,23,38,24,1
2,1,31,27,25,12,1
2,1,31,2,49,2,31,1
2,1,29,8,29,1
2,1,32,21,3,1
2,1,31,35,17,1
2,1,12,4,14,34,11,8,29,1
2,1,31,40,18,40,31,1
2,1,29,41,29,1
2,1,47,14,40,31,1
2,1,5,1
2,1,12,6,12,1
2,1,29,22,41,29,1
2,1,47,34,39,1
2,1,47,14,48,14,40,31,1
2,1,47,16,31,1
3,1,47,26,1,28,45,9,12,1
3,1,31,2,36,8,29,1
3,1,47,46,10,1
3,1,42,23,10,1
3,1,45,20,37,49,2,31,1
3,1,39,50,36,30,32,21,10,1
3,1,47,15,1
3,1,47,43,24,11,8,29,1
3,1,26,44,25,12,1
3,1,31,27,7,20,1
3,1,47,38,3,17,1
3,1,31,40,18,40,31,1
3,1,39,50,29,1
3,1,42,33,42,1
3,1,32,1
3,1,32,19,22,41,29,1
3,1,31,35,14,40,31,1
3,1,12,4,7,6,12,1
3,1,29,41,34,16,31,1
3,1,5,1
3,1,31,13,31,1
3,1,47,34,49,2,31,1
3,1,47,14,48,14,40,31,1
