1,1,2,1,17,24,1
1,1,10,13,22,10,1
1,1,17,20,17,1
1,1,30,4,30,1
1,1,5,15,30,1
1,1,17,21,10,1
1,1,2,14,2,1
1,1,17,27,3,18,17,1
1,1,17,28,17,1
1,1,29,1
1,1,11,1
1,1,30,26,9,13,1
1,1,30,25,30,1
1,1,12,1
1,1,7,13,1
1,1,29,16,29,1
1,1,30,4,6,4,30,1
1,1,17,23,17,1
1,1,13,8,19,1
2,1,2,1,17,10,21,10,1
2,1,13,30,7,13,1
2,1,17,20,17,1
2,1,5,28,17,1
2,1,2,14,30,15,30,1
2,1,30,4,30,1
2,1,17,27,29,1
2,1,24,1
2,1,29,3,29,1
2,1,11,1
2,1,10,22,12,26,30,1
2,1,30,25,26,6,9,13,1
2,1,18,1
2,1,29,16,29,1
2,1,17,23,24,1
2,1,13,8,19,1
3,1,2,20,17,29,3,11,1
3,1,10,21,10,1
3,1,13,28,17,1
3,1,30,1
3,1,5,2,1
3,1,2,14,2,1
3,1,30,4,26,30,1
3,1,17,27,22,18,17,1
3,1,24,1
3,1,30,15,25,30,1
3,1,29,3,29,1
3,1,12,9,13,1
3,1,7,13,1
3,1,29,16,29,1
3,1,30,4,6,4,30,1
3,1,17,23,17,1
3,1,13,8,19,1
