1,1,268,22,247,22,52,34,241,281,116,281,9,60,1
1,1,60,9,80,81,27,249,35,249,137,210,101,1
1,1,11,279,9,281,37,98,1
1,1,268,22,241,18,1
1,1,241,149,137,284,206,44,1
1,1,34,111,27,1
1,1,73,249,186,141,34,1
1,1,101,164,268,1
1,1,227,84,18,50,18,1
1,1,37,165,37,214,86,258,286,81,1
1,1,268,22,113,141,153,1
1,1,11,122,9,127,125,214,37,1
1,1,34,235,145,97,208,97,27,1
1,1,27,200,160,64,12,97,27,1
1,1,81,171,67,188,116,295,171,81,1
1,1,27,175,211,152,48,198,1
1,1,27,149,137,147,219,69,198,1
1,1,245,1
1,1,60,231,60,1
1,1,268,22,276,169,241,1
1,1,198,160,252,117,198,1
1,1,37,244,148,126,81,1
1,1,98,242,98,1
1,1,127,221,116,88,14,269,253,143,55,120,55,143,286,81,1
1,1,60,118,60,1
1,1,268,22,276,90,276,31,81,1
1,1,18,103,134,91,115,23,239,119,44,1
1,1,27,149,145,149,27,1
1,1,189,126,148,15,54,6,83,1
1,1,42,188,42,1
1,1,37,214,125,167,125,131,293,98,1
1,1,60,280,60,122,271,1
1,1,139,283,16,44,1
1,1,98,242,131,216,240,259,1
1,1,11,256,11,1
1,1,245,114,261,168,1
1,1,37,165,65,246,37,1
1,1,81,25,220,171,81,1
1,1,27,149,137,64,152,272,152,149,27,1
1,1,81,126,135,72,297,4,286,81,1
1,1,27,97,284,151,296,27,1
1,1,37,165,65,51,65,165,37,1
1,1,98,242,33,242,98,1
1,1,27,248,217,59,198,1
1,1,245,151,168,261,182,1
1,1,198,273,198,1
1,1,189,94,270,24,59,28,172,68,202,149,27,1
1,1,27,149,152,149,27,1
1,1,81,74,138,187,160,245,1
1,1,245,138,1
1,1,16,41,132,12,97,27,1
1,1,198,252,198,1
1,1,37,199,37,1
1,1,298,216,85,1
1,1,270,1
1,1,16,41,16,234,261,168,161,264,92,237,92,182,1
1,1,81,286,146,286,81,1
1,1,198,219,198,1
1,1,259,100,61,42,1
1,1,168,289,44,1
1,1,245,192,59,176,182,1
1,1,81,171,255,171,81,1
1,1,81,126,278,201,130,201,81,1
1,1,271,184,88,3,96,215,81,1
1,1,17,1
1,1,81,72,135,4,286,81,1
1,1,189,94,243,277,1
1,1,245,192,250,290,43,149,27,1
1,1,11,122,86,122,11,1
1,1,11,121,11,1
1,1,37,209,82,105,82,189,1
1,1,259,216,259,1
1,1,100,8,32,37,1
1,1,168,229,44,300,16,1
1,1,27,149,137,123,136,1
1,1,93,183,129,136,1
1,1,16,183,66,16,1
1,1,70,1
1,1,271,170,138,1
1,1,271,107,271,1
1,1,245,154,245,1
1,1,27,97,226,97,27,1
1,1,168,185,76,182,1
1,1,27,149,49,40,217,117,198,1
1,1,37,246,213,246,37,1
1,1,44,119,91,115,91,149,27,1
1,1,37,214,125,8,125,214,37,1
1,1,40,1
1,1,81,171,181,171,81,1
1,1,245,160,187,124,40,292,76,182,1
1,1,16,20,16,1
1,1,245,192,156,192,245,1
1,1,271,15,269,14,1
1,1,232,157,55,30,258,286,81,1
1,1,11,121,288,2,262,166,148,126,81,1
1,1,189,46,189,1
1,1,189,82,112,277,1
1,1,127,228,127,1
1,1,81,126,148,166,78,81,1
1,1,127,221,162,221,127,1
1,1,189,82,291,82,189,1
1,1,212,58,174,271,1
1,1,27,296,99,59,102,59,198,1
1,1,81,171,255,203,255,171,81,1
1,1,81,171,128,47,259,1
1,1,189,46,267,29,203,255,171,81,1
1,1,245,160,197,172,59,198,1
1,1,81,171,295,204,295,171,81,1
1,1,11,121,10,143,108,63,144,232,1
1,1,212,58,201,190,1
1,1,127,221,162,224,162,221,127,1
1,1,60,53,60,1
1,1,212,233,212,1
1,1,14,180,14,1
1,1,81,31,56,31,81,1
1,1,245,160,197,193,197,160,245,1
1,1,245,290,245,1
1,1,27,149,152,299,26,76,182,1
1,1,218,1
1,1,27,149,91,77,289,44,1
1,1,198,59,163,59,198,1
1,1,81,201,81,1
1,1,136,155,136,1
1,1,44,57,44,1
1,1,44,119,140,23,239,119,44,1
1,1,81,171,220,2,220,171,81,1
1,1,44,45,44,1
1,1,182,92,182,1
1,1,136,236,136,1
1,1,27,149,264,79,40,1
1,1,17,88,75,88,17,1
1,1,182,76,274,76,182,1
1,1,27,149,49,89,49,149,27,1
1,1,83,191,218,1
1,1,245,192,62,192,245,1
1,1,198,59,102,257,238,28,104,1
1,1,198,59,238,275,172,266,245,1
1,1,14,269,225,269,14,1
1,1,81,286,146,253,108,13,286,81,1
1,1,44,57,142,57,44,1
1,1,198,59,163,19,28,194,64,137,149,27,1
1,1,44,289,222,254,239,119,44,1
1,1,27,149,152,275,152,149,27,1
1,1,245,28,251,28,245,1
1,1,182,76,26,178,26,76,182,1
1,1,182,68,182,1
1,1,27,196,282,14,1
1,1,81,25,38,25,81,1
1,1,27,149,49,89,39,89,49,149,27,1
1,1,271,87,271,1
1,1,232,133,232,1
1,1,232,144,173,83,1
1,1,40,223,40,1
1,1,44,289,36,289,44,1
1,1,81,286,143,55,143,286,81,1
1,1,245,3,96,5,192,245,1
1,1,198,273,294,177,71,11,1
1,1,136,129,265,129,136,1
1,1,81,286,258,177,63,230,14,1
1,1,198,263,198,1
1,1,27,149,152,272,159,7,57,44,1
1,1,44,289,36,207,36,289,44,1
1,1,109,1
1,1,83,285,83,1
1,1,245,160,110,160,245,1
1,1,195,106,256,11,1
1,1,40,179,40,1
1,1,83,6,260,158,107,271,1
1,1,198,252,150,252,198,1
1,1,81,286,143,108,287,108,143,286,81,1
1,1,83,285,95,285,83,1
1,1,81,286,143,21,143,286,81,1
1,1,245,192,205,192,245,1
2,1,268,22,235,11,73,60,1
2,1,11,160,245,1
2,1,27,149,137,64,12,97,27,1
2,1,241,18,103,145,64,229,187,160,245,1
2,1,34,241,122,121,11,1
2,1,101,164,118,227,1
2,1,60,9,80,244,189,82,105,47,259,1
2,1,81,74,99,197,160,245,1
2,1,268,22,247,22,84,18,147,149,27,1
2,1,37,98,188,243,85,162,224,162,221,127,1
2,1,279,175,27,1
2,1,268,22,113,141,153,139,1
2,1,11,122,11,1
2,1,37,165,37,1
2,1,27,200,160,114,211,27,1
2,1,81,171,25,81,1
2,1,268,22,52,141,34,1
2,1,60,9,281,189,94,270,1
2,1,37,214,37,1
2,1,60,231,167,125,214,37,1
2,1,268,22,276,169,183,66,16,1
2,1,198,273,74,81,1
2,1,27,111,27,1
2,1,101,210,122,17,1
2,1,98,242,131,33,46,189,1
2,1,27,249,27,1
2,1,127,67,127,1
2,1,18,50,226,206,76,275,28,245,1
2,1,268,22,276,90,200,273,198,1
2,1,27,149,145,64,152,192,245,1
2,1,27,249,35,249,27,1
2,1,42,277,112,128,171,81,1
2,1,37,214,125,167,67,221,127,1
2,1,60,280,60,1
2,1,27,97,27,1
2,1,271,148,212,58,212,1
2,1,293,131,199,37,1
2,1,11,256,211,114,245,1
2,1,37,165,65,51,65,165,37,1
2,1,18,103,283,16,1
2,1,34,235,186,235,34,1
2,1,153,170,138,1
2,1,81,126,148,255,171,81,1
2,1,27,97,284,168,289,44,1
2,1,98,242,33,188,42,1
2,1,27,248,16,41,136,91,115,23,274,223,40,1
2,1,245,151,59,198,1
2,1,27,149,152,252,117,198,1
2,1,60,9,281,116,298,216,61,42,1
2,1,198,48,198,1
2,1,245,138,1
2,1,198,252,187,124,187,160,245,1
2,1,241,169,241,1
2,1,81,286,135,126,81,1
2,1,81,171,220,72,174,53,60,1
2,1,81,31,146,253,143,55,120,13,286,81,1
2,1,198,219,187,124,40,1
2,1,259,216,85,277,1
2,1,27,97,284,234,1
2,1,37,246,37,1
2,1,168,1
2,1,168,261,168,208,97,27,1
2,1,81,126,278,126,81,1
2,1,271,184,271,1
2,1,81,72,81,1
2,1,81,286,258,286,81,1
2,1,245,192,250,272,152,149,27,1
2,1,11,122,86,122,11,1
2,1,37,209,259,1
2,1,100,1
2,1,27,149,137,123,93,1
2,1,27,97,12,132,12,97,27,1
2,1,16,300,226,206,44,1
2,1,44,119,44,1
2,1,198,69,176,182,1
2,1,85,1
2,1,70,213,246,37,1
2,1,81,286,4,286,81,1
2,1,271,107,166,148,126,81,1
2,1,245,154,176,275,152,149,27,1
2,1,27,97,226,97,27,1
2,1,168,185,168,1
2,1,27,149,49,40,217,117,198,1
2,1,182,208,206,134,206,44,1
2,1,37,32,37,1
2,1,14,296,27,1
2,1,37,214,125,8,125,214,37,1
2,1,81,171,181,204,295,171,81,1
2,1,16,20,91,129,136,1
2,1,245,192,156,161,156,192,245,1
2,1,259,240,259,1
2,1,271,15,299,152,149,27,1
2,1,232,1
2,1,17,88,17,1
2,1,11,121,288,62,192,245,1
2,1,189,82,291,82,189,1
2,1,245,192,24,296,62,196,27,1
2,1,127,228,162,221,127,1
2,1,277,112,277,1
2,1,14,269,253,143,286,81,1
2,1,81,78,81,1
2,1,198,252,54,252,198,1
2,1,212,203,255,171,81,1
2,1,136,1
2,1,27,296,99,296,27,1
2,1,189,46,267,46,189,1
2,1,271,174,29,203,255,171,81,1
2,1,81,171,295,204,212,130,201,81,1
2,1,11,121,10,143,108,191,218,1
2,1,212,233,212,1
2,1,14,180,14,1
2,1,81,286,4,297,4,286,81,1
2,1,81,31,56,10,225,269,14,1
2,1,245,160,197,193,163,59,198,1
2,1,245,290,245,1
2,1,218,1
2,1,27,149,91,115,236,136,1
2,1,182,76,26,76,182,1
2,1,81,201,81,1
2,1,136,155,136,1
2,1,44,57,44,1
2,1,44,119,140,129,265,254,36,207,36,289,44,1
2,1,81,171,220,2,220,171,81,1
2,1,81,126,148,166,262,166,148,126,81,1
2,1,44,119,239,119,44,1
2,1,198,59,43,149,27,1
2,1,44,45,44,1
2,1,198,59,102,59,198,1
2,1,182,92,264,223,263,179,40,1
2,1,27,149,264,102,257,102,59,198,1
2,1,17,88,75,87,271,1
2,1,27,149,49,89,202,194,64,137,149,27,1
2,1,83,1
2,1,182,76,292,76,182,1
2,1,245,3,251,28,238,59,198,1
2,1,198,59,172,59,198,1
2,1,44,57,142,57,44,1
2,1,198,59,163,19,163,59,198,1
2,1,44,289,222,289,44,1
2,1,190,71,177,258,286,81,1
2,1,44,119,239,23,239,119,44,1
2,1,44,289,77,289,44,1
2,1,17,157,17,1
2,1,245,28,251,28,245,1
2,1,182,76,26,178,202,7,57,44,1
2,1,182,68,182,1
2,1,81,25,38,120,55,143,286,81,1
2,1,27,149,49,89,39,89,49,149,27,1
2,1,245,154,202,149,27,1
2,1,104,215,5,192,245,1
2,1,232,133,294,63,144,232,1
2,1,232,144,232,1
2,1,182,92,237,92,182,1
2,1,83,6,260,285,83,1
2,1,44,289,36,289,44,1
2,1,190,30,190,1
2,1,245,3,96,3,245,1
2,1,198,273,294,273,198,1
2,1,245,266,245,1
2,1,81,215,81,1
2,1,40,79,40,1
2,1,11,71,11,1
2,1,14,230,260,195,110,95,285,83,1
2,1,27,149,152,272,159,272,152,149,27,1
2,1,14,282,173,83,1
2,1,109,1
2,1,44,119,239,254,239,119,44,1
2,1,245,160,110,160,245,1
2,1,198,252,150,252,198,1
2,1,81,286,143,108,287,108,143,286,81,1
2,1,11,256,106,256,11,1
2,1,81,286,143,21,143,286,81,1
2,1,271,107,158,107,271,1
2,1,245,192,205,192,245,1
3,1,268,241,268,164,280,60,1
3,1,11,9,281,167,67,171,245,1
3,1,27,200,175,200,192,245,1
3,1,268,22,186,283,16,41,261,154,259,1
3,1,27,149,137,64,234,1
3,1,18,1
3,1,34,16,273,74,31,81,1
3,1,73,67,127,1
3,1,101,210,293,131,33,214,37,1
3,1,60,9,80,72,174,53,60,1
3,1,81,86,122,11,1
3,1,268,22,247,22,268,51,65,165,37,1
3,1,227,1
3,1,37,165,37,214,295,171,81,1
3,1,279,219,250,124,40,26,76,182,1
3,1,268,22,113,50,18,1
3,1,11,122,152,149,27,1
3,1,34,235,103,18,1
3,1,81,171,126,135,126,81,1
3,1,268,22,52,280,60,1
3,1,98,82,291,82,189,1
3,1,84,227,118,246,209,259,1
3,1,60,231,37,244,37,1
3,1,268,22,276,22,268,1
3,1,198,160,245,1
3,1,27,111,283,103,18,1
3,1,98,242,65,165,37,1
3,1,27,249,27,1
3,1,37,214,125,188,116,10,121,11,1
3,1,268,22,276,90,113,284,151,245,1
3,1,27,149,145,97,27,1
3,1,27,249,35,249,27,1
3,1,189,94,189,1
3,1,42,116,298,1
3,1,37,214,125,167,125,214,37,1
3,1,27,211,114,69,124,187,160,245,1
3,1,139,93,183,129,136,1
3,1,271,74,273,198,1
3,1,98,242,131,199,37,1
3,1,27,149,147,284,97,27,1
3,1,293,98,1
3,1,11,256,271,148,126,81,1
3,1,81,25,81,1
3,1,153,123,226,97,27,1
3,1,27,149,137,64,48,198,1
3,1,34,141,186,261,69,156,3,74,81,1
3,1,27,248,261,272,152,149,27,1
3,1,127,221,246,209,216,259,1
3,1,27,97,12,152,184,258,286,81,1
3,1,81,74,217,117,198,1
3,1,245,138,296,197,218,83,133,232,1
3,1,198,252,192,250,170,138,1
3,1,270,220,171,81,1
3,1,241,169,155,136,1
3,1,81,286,81,1
3,1,198,219,198,1
3,1,37,246,85,277,1
3,1,168,1
3,1,81,171,255,85,70,1
3,1,198,117,198,1
3,1,81,126,278,201,81,1
3,1,271,184,271,1
3,1,17,24,192,245,1
3,1,189,94,243,94,189,1
3,1,11,121,146,4,297,4,286,81,1
3,1,81,286,146,107,271,1
3,1,100,61,213,240,259,1
3,1,168,229,217,161,156,192,245,1
3,1,27,149,137,123,44,57,44,1
3,1,27,97,12,132,115,91,149,27,1
3,1,42,61,42,1
3,1,16,300,45,44,1
3,1,44,20,16,1
3,1,16,183,16,1
3,1,245,160,187,156,197,160,245,1
3,1,81,286,4,107,54,193,163,59,198,1
3,1,27,149,66,185,49,149,27,1
3,1,168,185,274,292,76,182,1
3,1,44,206,44,1
3,1,182,49,40,1
3,1,37,32,162,221,127,1
3,1,27,97,208,136,1
3,1,37,246,213,246,37,1
3,1,44,119,44,1
3,1,14,1
3,1,37,214,125,8,47,259,1
3,1,81,171,181,204,295,171,81,1
3,1,44,206,134,89,28,104,1
3,1,245,192,156,192,245,1
3,1,271,15,180,75,88,17,1
3,1,232,290,245,1
3,1,17,88,253,120,55,143,286,81,1
3,1,11,121,288,121,11,1
3,1,189,46,189,1
3,1,189,82,203,255,171,81,1
3,1,198,59,198,1
3,1,127,228,233,212,1
3,1,182,76,292,222,289,44,1
3,1,81,126,148,166,262,83,1
3,1,27,296,27,1
3,1,277,112,277,1
3,1,14,269,14,180,14,1
3,1,81,78,81,1
3,1,198,252,54,193,28,251,28,245,1
3,1,212,1
3,1,27,296,99,28,19,163,59,198,1
3,1,81,171,128,171,81,1
3,1,189,46,267,204,58,212,1
3,1,271,174,271,1
3,1,127,221,162,224,162,221,127,1
3,1,189,82,105,82,189,1
3,1,81,171,255,203,29,203,255,171,81,1
3,1,81,31,56,290,299,152,149,27,1
3,1,245,160,197,193,163,172,59,198,1
3,1,27,149,91,115,23,239,119,44,1
3,1,44,289,77,222,36,289,44,1
3,1,27,149,137,64,176,39,178,202,68,182,1
3,1,44,119,140,119,44,1
3,1,81,171,220,2,220,171,81,1
3,1,44,119,239,119,44,1
3,1,198,59,43,19,275,152,149,27,1
3,1,198,59,102,257,238,28,96,17,1
3,1,182,92,182,1
3,1,136,236,136,1
3,1,27,149,264,149,27,1
3,1,182,76,274,76,182,1
3,1,245,192,62,294,273,198,1
3,1,81,286,143,108,63,144,232,1
3,1,81,201,130,201,81,1
3,1,198,59,102,257,178,202,149,27,1
3,1,198,59,238,59,198,1
3,1,14,269,225,269,14,1
3,1,245,28,19,266,245,1
3,1,44,57,142,57,44,1
3,1,190,1
3,1,17,157,17,1
3,1,182,76,26,178,26,76,182,1
3,1,81,286,143,108,143,286,81,1
3,1,27,196,133,294,144,232,1
3,1,81,25,38,25,81,1
3,1,271,87,271,1
3,1,182,92,237,79,40,1
3,1,40,223,40,1
3,1,83,6,230,260,110,160,245,1
3,1,190,30,258,286,81,1
3,1,81,286,143,55,143,286,81,1
3,1,27,149,137,64,194,64,137,149,27,1
3,1,218,191,282,230,63,13,286,81,1
3,1,81,215,282,173,285,83,1
3,1,136,129,265,254,239,119,44,1
3,1,11,71,11,1
3,1,81,286,258,177,258,286,81,1
3,1,198,263,198,1
3,1,27,149,152,272,159,272,152,149,27,1
3,1,44,289,36,207,36,289,44,1
3,1,109,1
3,1,44,57,7,57,44,1
3,1,195,1
3,1,83,173,83,1
3,1,245,192,5,192,245,1
3,1,40,179,150,252,198,1
3,1,83,6,260,6,83,1
3,1,81,286,143,108,287,205,192,245,1
3,1,83,285,95,285,83,1
3,1,11,256,106,256,11,1
3,1,81,286,143,21,143,286,81,1
3,1,271,107,158,107,271,1
