1,1,268,22,247,22,52,22,268,1,60,9,281,116,281,9,60,1
1,1,60,9,80,81,27,249,35,249,137,210,101,1
1,1,11,279,9,281,37,98,284,206,44,1
1,1,268,22,241,18,1
1,1,241,149,202,68,237,3,30,258,286,81,1
1,1,34,111,27,1
1,1,73,249,186,141,34,1
1,1,101,164,268,1
1,1,227,84,18,50,296,54,143,286,81,1
1,1,37,165,37,214,86,258,286,81,1
1,1,268,22,113,141,153,139,6,144,294,120,55,143,286,81,1
1,1,11,122,9,127,125,214,37,1
1,1,34,235,145,97,208,97,27,1
1,1,27,200,160,64,12,97,27,1
1,1,81,171,67,188,116,295,171,81,1
1,1,27,175,211,152,48,198,1
1,1,27,149,137,147,219,69,198,1
1,1,245,1
1,1,60,231,60,1
1,1,268,22,276,169,241,1
1,1,198,160,252,117,198,1
1,1,37,244,148,126,81,1
1,1,98,242,98,214,184,14,1
1,1,127,221,188,130,205,158,107,271,1
1,1,60,118,60,1
1,1,268,22,276,90,276,31,81,1
1,1,18,103,134,91,115,23,239,119,44,1
1,1,27,149,145,149,27,1
1,1,189,126,148,15,54,252,198,1
1,1,42,188,42,1
1,1,37,214,125,167,125,131,293,192,59,198,1
1,1,60,280,60,122,271,1
1,1,139,283,16,44,1
1,1,98,242,131,216,240,259,1
1,1,11,256,11,1
1,1,245,114,261,168,1
1,1,37,165,65,246,255,72,157,17,1
1,1,81,25,220,171,81,1
1,1,27,149,137,64,152,272,152,149,27,1
1,1,81,126,135,72,297,4,286,81,1
1,1,27,97,284,151,296,27,1
1,1,37,165,65,51,127,15,99,28,245,1
1,1,98,242,33,131,166,253,108,143,286,81,1
1,1,27,248,99,197,62,63,144,232,1
1,1,245,151,168,261,182,1
1,1,198,273,138,219,289,44,1
1,1,189,94,270,24,192,245,1
1,1,27,149,152,149,27,1
1,1,81,74,138,187,160,245,1
1,1,245,138,1
1,1,16,41,132,12,97,27,1
1,1,198,252,117,217,79,40,1
1,1,37,199,88,17,1
1,1,298,216,85,1
1,1,270,1
1,1,16,41,16,234,261,168,161,156,192,245,1
1,1,81,286,146,15,290,43,149,27,1
1,1,198,219,198,1
1,1,259,100,61,42,1
1,1,168,185,176,182,1
1,1,245,192,156,3,74,81,1
1,1,81,171,255,135,197,172,59,198,1
1,1,81,126,278,72,15,96,215,81,1
1,1,271,184,146,4,107,13,286,81,1
1,1,17,45,129,136,1
1,1,81,72,255,85,277,1
1,1,189,94,243,82,105,82,189,1
1,1,245,192,250,187,76,115,91,149,27,1
1,1,11,122,86,122,11,1
1,1,11,121,176,222,254,239,119,44,1
1,1,37,209,2,262,166,148,126,81,1
1,1,259,216,259,1
1,1,100,8,32,37,1
1,1,168,229,44,300,16,1
1,1,27,149,137,123,136,1
1,1,93,1
1,1,16,183,66,16,1
1,1,70,96,191,218,1
1,1,271,170,138,1
1,1,271,107,271,1
1,1,245,154,182,222,77,289,44,1
1,1,27,97,226,97,27,1
1,1,168,185,76,182,1
1,1,27,149,49,40,217,117,198,1
1,1,37,246,213,70,56,106,256,11,1
1,1,44,119,26,57,173,83,1
1,1,37,214,125,8,125,214,37,1
1,1,40,1
1,1,81,171,181,171,81,1
1,1,245,160,187,124,40,292,76,182,1
1,1,16,20,16,1
1,1,245,192,156,192,245,1
1,1,271,15,269,14,1
1,1,232,1
1,1,11,121,288,269,253,190,1
1,1,189,46,189,1
1,1,189,82,112,277,1
1,1,127,228,107,102,59,198,1
1,1,81,126,148,166,78,81,1
1,1,127,221,162,221,127,1
1,1,189,82,291,82,189,1
1,1,212,58,174,271,1
1,1,27,296,99,161,26,76,182,1
1,1,81,171,255,203,204,5,192,245,1
1,1,81,171,128,47,259,1
1,1,189,46,267,29,203,255,171,81,1
1,1,245,160,197,172,266,245,1
1,1,81,171,295,204,295,171,81,1
1,1,11,121,10,180,104,1
1,1,212,58,56,290,142,7,57,44,1
1,1,127,221,162,224,162,221,127,1
1,1,60,53,60,1
1,1,212,233,38,71,11,1
1,1,14,180,14,1
1,1,81,31,56,62,196,27,1
1,1,245,160,197,193,197,160,245,1
1,1,245,290,245,1
1,1,27,149,152,299,57,289,239,119,44,1
1,1,218,1
1,1,27,149,91,149,27,1
1,1,198,59,163,59,198,1
1,1,81,201,81,1
1,1,136,155,136,1
1,1,44,57,44,1
1,1,44,119,140,23,36,289,44,1
1,1,81,171,220,2,220,171,81,1
1,1,44,45,89,257,6,230,14,1
1,1,182,92,182,1
1,1,136,236,136,1
1,1,27,149,264,149,27,1
1,1,17,88,75,88,17,1
1,1,182,76,274,76,182,1
1,1,27,149,49,89,49,149,27,1
1,1,83,1
1,1,245,192,62,192,245,1
1,1,198,59,102,257,178,202,194,64,137,149,27,1
1,1,198,59,238,59,198,1
1,1,14,269,225,269,14,1
1,1,81,286,146,253,146,286,81,1
1,1,44,57,142,57,44,1
1,1,198,59,163,19,104,215,282,14,1
1,1,44,289,222,289,44,1
1,1,27,149,152,275,152,149,27,1
1,1,245,28,251,28,245,1
1,1,182,76,26,178,26,76,182,1
1,1,182,68,182,1
1,1,81,25,38,25,81,1
1,1,27,149,49,89,39,89,49,149,27,1
1,1,271,87,271,1
1,1,232,133,232,1
1,1,232,144,232,1
1,1,40,223,40,1
1,1,81,286,143,55,143,286,81,1
1,1,245,3,96,3,245,1
1,1,198,273,294,273,198,1
1,1,136,129,265,129,136,1
1,1,81,286,258,177,258,286,81,1
1,1,198,263,198,1
1,1,27,149,152,272,159,272,152,149,27,1
1,1,44,289,36,207,36,289,44,1
1,1,109,1
1,1,83,285,83,1
1,1,245,160,110,160,245,1
1,1,195,1
1,1,40,179,40,1
1,1,83,6,260,6,83,1
1,1,198,252,150,252,198,1
1,1,81,286,143,108,287,108,143,286,81,1
1,1,83,285,95,285,83,1
1,1,81,286,143,21,143,286,81,1
1,1,245,192,205,192,245,1
2,1,268,22,235,34,1,60,73,107,13,286,81,1
2,1,11,160,245,1
2,1,27,149,137,64,12,152,291,105,82,189,1
2,1,241,18,103,145,64,229,187,160,245,1
2,1,34,241,122,121,11,1
2,1,101,164,118,227,101,162,224,162,221,127,1
2,1,60,9,80,244,189,82,47,128,99,197,160,245,1
2,1,81,1
2,1,268,22,247,22,84,18,147,149,27,1
2,1,37,98,188,243,196,95,285,83,1
2,1,279,175,27,1
2,1,268,22,113,141,153,139,1
2,1,11,122,11,1
2,1,37,165,37,1
2,1,27,200,160,114,211,27,1
2,1,81,171,25,81,1
2,1,268,22,52,141,229,28,245,1
2,1,60,9,281,189,94,270,146,4,297,55,143,286,81,1
2,1,37,214,37,1
2,1,60,231,167,125,214,37,1
2,1,268,22,276,169,183,66,16,1
2,1,198,273,74,81,1
2,1,27,111,249,35,168,261,182,263,198,1
2,1,101,210,122,17,1
2,1,98,242,131,33,46,70,96,179,40,1
2,1,27,249,27,1
2,1,127,67,127,1
2,1,18,50,226,206,76,59,99,128,171,81,1
2,1,268,22,276,90,200,273,198,1
2,1,27,149,145,64,152,192,245,1
2,1,27,249,35,168,257,223,40,1
2,1,42,226,115,91,149,27,1
2,1,37,214,125,167,67,221,127,1
2,1,60,280,261,168,289,44,1
2,1,27,97,27,1
2,1,271,148,212,58,212,1
2,1,293,131,199,37,1
2,1,11,256,211,114,17,88,253,146,286,81,1
2,1,37,165,65,51,65,165,37,1
2,1,18,103,283,16,1
2,1,34,235,186,235,34,1
2,1,153,170,138,1
2,1,81,126,148,255,72,88,191,218,1
2,1,27,97,284,206,274,76,182,1
2,1,98,242,33,188,116,177,258,286,81,1
2,1,27,248,16,41,40,59,198,1
2,1,245,151,252,135,126,81,1
2,1,27,149,152,252,117,198,1
2,1,60,9,281,116,298,216,61,42,1
2,1,198,48,229,77,207,36,289,44,1
2,1,245,138,1
2,1,198,252,187,124,187,160,245,1
2,1,241,169,176,182,1
2,1,81,286,146,53,60,1
2,1,81,171,220,72,294,63,144,232,1
2,1,81,31,146,275,152,149,27,1
2,1,198,219,187,124,40,59,163,191,285,83,1
2,1,259,216,85,277,1
2,1,27,97,284,234,1
2,1,37,246,37,1
2,1,168,1
2,1,168,261,168,208,97,27,1
2,1,81,126,278,258,40,265,129,136,1
2,1,271,184,271,1
2,1,81,72,81,1
2,1,81,286,258,286,81,1
2,1,245,192,250,272,152,149,27,1
2,1,11,122,86,122,11,1
2,1,37,209,259,1
2,1,100,1
2,1,27,149,137,123,93,1
2,1,27,97,12,132,12,97,27,1
2,1,16,300,226,206,44,1
2,1,44,119,44,1
2,1,198,69,198,1
2,1,85,1
2,1,70,213,246,37,1
2,1,81,286,4,286,81,1
2,1,271,107,166,148,126,81,1
2,1,245,154,245,1
2,1,27,97,226,97,27,1
2,1,168,185,168,1
2,1,27,149,49,40,217,117,198,1
2,1,182,208,206,134,206,44,1
2,1,37,32,37,1
2,1,14,296,27,1
2,1,37,214,125,8,125,214,37,1
2,1,81,171,181,204,295,171,81,1
2,1,16,20,91,129,136,1
2,1,245,192,156,161,156,192,245,1
2,1,259,240,259,1
2,1,271,15,299,152,149,27,1
2,1,232,1
2,1,17,88,17,1
2,1,11,121,288,62,192,245,1
2,1,189,82,291,174,120,195,1
2,1,245,192,24,296,62,196,27,1
2,1,127,228,162,221,127,1
2,1,277,112,277,1
2,1,14,269,253,143,286,81,1
2,1,81,78,215,5,192,245,1
2,1,198,252,54,252,198,1
2,1,212,203,255,171,81,1
2,1,136,155,194,64,137,149,27,1
2,1,27,296,99,54,6,260,6,83,1
2,1,189,46,267,46,189,1
2,1,271,174,29,203,255,171,81,1
2,1,81,171,295,204,212,130,201,81,1
2,1,11,121,10,143,108,143,286,81,1
2,1,212,233,212,1
2,1,14,180,14,1
2,1,81,286,4,297,4,286,81,1
2,1,81,31,56,10,225,269,14,1
2,1,245,160,197,193,163,59,198,1
2,1,245,290,245,1
2,1,218,1
2,1,27,149,91,115,236,136,1
2,1,182,76,26,76,182,1
2,1,81,201,81,1
2,1,136,155,136,1
2,1,44,57,44,1
2,1,44,119,140,23,77,7,57,44,1
2,1,81,171,220,2,133,173,83,1
2,1,81,126,148,166,262,166,148,126,81,1
2,1,44,119,239,119,44,1
2,1,198,59,43,149,27,1
2,1,44,45,44,1
2,1,198,59,102,59,198,1
2,1,182,92,182,1
2,1,27,149,264,102,257,102,59,198,1
2,1,17,88,75,87,271,1
2,1,27,149,49,89,49,149,27,1
2,1,83,1
2,1,182,76,292,76,182,1
2,1,245,3,251,28,238,59,198,1
2,1,198,59,172,59,198,1
2,1,44,57,142,57,44,1
2,1,198,59,163,19,163,59,198,1
2,1,44,289,222,289,44,1
2,1,190,1
2,1,44,119,239,23,239,119,44,1
2,1,44,289,77,289,44,1
2,1,17,157,17,1
2,1,245,28,251,28,245,1
2,1,182,76,26,178,225,38,25,81,1
2,1,182,68,182,1
2,1,27,149,49,89,39,89,49,149,27,1
2,1,245,154,202,149,27,1
2,1,104,1
2,1,232,133,232,1
2,1,232,144,232,1
2,1,182,92,237,92,182,1
2,1,83,6,79,40,1
2,1,44,289,36,289,44,1
2,1,190,30,55,120,55,143,286,81,1
2,1,245,3,96,3,245,1
2,1,198,273,294,273,198,1
2,1,245,266,245,1
2,1,81,215,81,1
2,1,11,71,11,1
2,1,14,230,14,1
2,1,27,149,152,272,159,272,152,149,27,1
2,1,14,282,14,1
2,1,109,1
2,1,44,119,239,254,239,119,44,1
2,1,245,160,110,160,245,1
2,1,198,252,150,252,198,1
2,1,81,286,143,108,287,108,143,286,81,1
2,1,11,256,106,256,11,1
2,1,81,286,143,21,143,286,81,1
2,1,271,107,158,107,271,1
2,1,245,192,205,192,245,1
3,1,268,241,1,60,279,175,200,245,192,245,1
3,1,11,9,281,167,67,127,1
3,1,27,175,211,31,17,154,261,168,1
3,1,268,22,164,231,259,1
3,1,27,149,137,41,16,283,186,235,34,1
3,1,18,1
3,1,34,234,1
3,1,73,67,127,67,232,133,232,1
3,1,101,210,293,131,33,214,37,1
3,1,60,9,80,72,174,53,60,1
3,1,81,86,122,11,1
3,1,268,22,247,22,268,51,65,165,37,1
3,1,227,1
3,1,37,165,37,214,295,171,81,1
3,1,279,219,250,124,40,26,76,182,1
3,1,268,22,113,50,66,129,136,1
3,1,11,122,152,149,27,1
3,1,34,235,103,184,10,121,11,1
3,1,81,171,126,135,126,81,1
3,1,268,22,52,280,60,1
3,1,98,82,291,82,189,1
3,1,84,227,118,246,209,259,1
3,1,60,231,37,244,170,218,1
3,1,268,22,276,22,245,192,156,3,74,81,1
3,1,198,160,245,1
3,1,27,111,283,103,18,1
3,1,98,242,65,243,120,55,143,286,81,1
3,1,27,249,35,119,155,136,1
3,1,37,214,125,188,146,4,63,144,232,1
3,1,268,22,276,90,113,284,151,245,1
3,1,27,149,145,97,64,151,59,163,59,198,1
3,1,27,249,35,249,27,1
3,1,189,94,189,1
3,1,42,116,298,1
3,1,37,214,125,167,255,278,201,81,1
3,1,27,211,114,69,124,187,160,245,1
3,1,139,93,1
3,1,271,74,273,198,1
3,1,98,242,131,199,37,1
3,1,27,149,147,284,12,36,289,44,1
3,1,293,116,10,110,160,245,1
3,1,11,256,271,148,126,81,1
3,1,81,25,81,1
3,1,153,123,226,97,27,1
3,1,27,149,137,64,48,198,1
3,1,34,141,186,261,69,198,1
3,1,27,248,261,272,152,149,27,1
3,1,127,221,246,209,216,259,1
3,1,27,97,12,152,184,258,286,81,1
3,1,81,74,217,117,198,1
3,1,245,138,273,277,1
3,1,198,252,192,250,170,138,1
3,1,270,220,72,54,179,40,1
3,1,241,169,44,57,44,1
3,1,81,286,81,1
3,1,198,219,198,1
3,1,37,246,85,277,47,259,1
3,1,168,1
3,1,81,171,255,85,70,1
3,1,198,117,198,1
3,1,81,126,278,72,232,62,83,1
3,1,271,184,271,1
3,1,17,24,192,245,1
3,1,189,94,243,94,189,1
3,1,11,121,146,4,297,4,286,81,1
3,1,81,286,146,107,271,1
3,1,100,61,213,240,259,1
3,1,168,229,217,161,156,192,245,1
3,1,27,149,137,123,119,155,222,289,44,1
3,1,27,97,12,132,115,91,149,27,1
3,1,42,61,42,1
3,1,16,300,45,44,1
3,1,44,20,16,1
3,1,16,183,16,1
3,1,245,160,187,156,197,160,245,1
3,1,81,286,4,288,269,104,1
3,1,27,149,66,185,49,149,27,1
3,1,168,185,274,292,76,182,1
3,1,44,206,44,1
3,1,182,49,40,1
3,1,37,32,162,221,127,1
3,1,27,97,208,136,1
3,1,37,246,213,246,37,1
3,1,44,119,44,1
3,1,14,1
3,1,37,214,125,8,213,203,255,171,81,1
3,1,81,171,181,204,295,171,81,1
3,1,44,206,134,89,49,149,27,1
3,1,245,192,156,192,245,1
3,1,271,15,180,75,88,17,1
3,1,232,290,245,1
3,1,17,88,253,146,286,81,1
3,1,11,121,288,121,11,1
3,1,189,46,189,1
3,1,189,82,233,212,1
3,1,198,59,198,1
3,1,127,228,46,203,58,262,2,96,17,1
3,1,182,76,292,222,77,289,44,1
3,1,81,126,148,166,58,212,1
3,1,27,296,27,1
3,1,277,112,82,295,174,10,180,14,1
3,1,14,269,294,273,198,1
3,1,81,78,13,286,81,1
3,1,198,252,54,193,28,251,28,245,1
3,1,212,130,205,192,245,1
3,1,27,296,99,28,19,163,59,198,1
3,1,81,171,128,58,133,230,14,1
3,1,189,46,267,204,212,130,201,81,1
3,1,271,174,53,264,39,89,49,149,27,1
3,1,127,221,162,224,162,221,127,1
3,1,189,82,105,88,299,152,149,27,1
3,1,81,171,255,203,29,56,290,254,239,119,44,1
3,1,81,31,56,75,6,282,14,1
3,1,245,160,197,193,163,172,59,198,1
3,1,27,149,91,115,23,239,119,44,1
3,1,44,289,292,202,154,245,1
3,1,27,149,137,64,176,178,202,68,182,1
3,1,44,119,140,119,44,1
3,1,81,171,220,2,99,59,176,265,129,136,1
3,1,44,119,239,119,44,1
3,1,198,59,43,19,275,152,149,27,1
3,1,198,59,102,59,198,1
3,1,182,92,182,1
3,1,136,236,136,1
3,1,27,149,264,149,27,1
3,1,182,76,274,76,182,1
3,1,245,192,62,83,96,215,81,1
3,1,81,286,143,286,81,1
3,1,198,59,102,257,173,285,83,1
3,1,198,59,238,59,198,1
3,1,14,269,225,269,14,1
3,1,245,28,19,266,245,1
3,1,44,57,142,57,44,1
3,1,190,1
3,1,17,157,17,1
3,1,182,76,26,178,26,76,182,1
3,1,81,286,143,108,143,286,81,1
3,1,27,196,133,294,144,232,1
3,1,81,25,38,25,81,1
3,1,271,87,271,1
3,1,182,92,237,79,40,1
3,1,40,223,40,1
3,1,83,6,83,1
3,1,190,30,258,286,81,1
3,1,81,286,143,55,143,286,81,1
3,1,27,149,137,64,194,64,137,149,27,1
3,1,218,191,285,287,108,143,286,81,1
3,1,11,71,11,1
3,1,81,286,258,177,258,286,81,1
3,1,198,263,198,1
3,1,27,149,152,272,159,272,152,149,27,1
3,1,44,289,36,207,36,289,44,1
3,1,109,1
3,1,44,57,7,57,44,1
3,1,195,1
3,1,83,173,83,1
3,1,245,192,5,192,245,1
3,1,83,6,260,6,83,1
3,1,198,252,150,252,198,1
3,1,83,285,95,285,83,1
3,1,11,256,106,256,11,1
3,1,81,286,143,21,143,286,81,1
3,1,271,107,158,107,271,1
