1,1,171,1,88,123,73,8,194,247,66,4,129,56,160,73,123,88,1
1,1,88,123,84,238,33,235,27,271,280,208,217,13,197,13,181,66,247,194,8,73,123,88,1
1,1,171,37,157,97,78,15,274,15,78,97,157,37,171,1
1,1,171,37,157,37,171,49,280,49,270,49,171,1
1,1,158,145,34,160,56,119,177,201,167,201,87,111,87,201,236,58,20,38,213,9,280,49,171,1
1,1,171,49,280,187,280,49,171,1
1,1,88,123,73,123,84,232,84,123,88,1
1,1,88,240,127,98,124,257,256,283,158,1
1,1,88,36,132,50,104,248,104,252,155,131,39,46,145,158,1
1,1,88,123,73,8,260,8,161,122,193,65,182,225,99,92,99,123,88,1
1,1,32,238,33,114,33,89,162,89,53,192,145,158,1
1,1,88,36,288,276,60,5,263,292,243,190,253,75,123,88,1
1,1,171,151,218,175,245,33,238,84,123,88,1
1,1,87,107,87,1
1,1,88,36,288,275,51,170,237,55,93,55,237,176,88,1
1,1,88,36,288,275,51,275,288,100,95,43,19,43,95,73,123,88,1
1,1,88,176,88,1
1,1,88,123,73,8,194,198,250,229,250,255,220,292,53,192,145,158,1
1,1,88,123,99,123,88,1
1,1,158,231,40,55,93,4,57,289,53,192,145,158,1
1,1,171,49,280,9,292,9,280,49,171,1
1,1,158,300,71,300,158,1
1,1,88,36,132,50,104,252,162,89,207,284,196,82,196,153,9,280,49,171,1
1,1,171,49,280,244,280,49,171,1
1,1,32,268,279,28,239,234,230,204,148,156,165,156,148,127,171,1
1,1,88,123,84,238,33,238,84,123,88,1
1,1,88,123,84,166,102,50,132,36,88,1
1,1,88,123,73,8,194,265,194,247,66,105,66,247,194,8,73,123,88,1
1,1,171,37,157,97,113,271,27,271,280,49,171,1
1,1,88,240,10,291,206,291,112,256,283,158,1
1,1,171,37,157,97,117,244,18,244,280,49,171,1
1,1,171,151,109,101,109,151,171,1
1,1,88,36,262,234,20,58,268,32,1
1,1,88,240,68,135,145,297,145,158,1
1,1,158,122,158,1
1,1,88,36,288,91,288,36,88,1
1,1,88,123,99,225,99,273,290,223,275,288,36,88,1
1,1,171,49,280,63,41,27,110,27,271,280,49,171,1
1,1,171,49,61,49,171,1
1,1,88,123,182,203,120,49,171,1
1,1,158,145,294,125,114,33,7,244,280,49,171,1
1,1,158,145,135,227,182,123,88,1
1,1,171,49,280,271,118,271,280,49,171,1
1,1,88,36,200,72,39,72,255,220,292,9,280,49,171,1
1,1,158,283,158,1
1,1,88,123,73,160,56,159,22,193,122,158,1
1,1,88,123,73,8,161,8,73,123,88,1
1,1,158,145,192,53,89,162,252,104,258,260,8,73,123,88,1
1,1,88,123,99,144,215,8,73,123,88,1
1,1,171,49,280,9,45,9,213,9,280,49,171,1
1,1,88,36,132,50,104,252,57,281,91,288,36,88,1
1,1,158,231,40,79,202,122,158,1
1,1,171,37,157,97,6,232,85,232,84,123,88,1
1,1,88,36,288,275,51,259,12,10,240,88,1
1,1,88,123,73,285,31,274,15,77,243,190,235,288,36,88,1
1,1,88,123,73,160,21,160,73,123,88,1
1,1,88,36,288,275,223,275,288,295,288,36,88,1
1,1,88,123,75,74,236,224,66,247,194,8,73,123,88,1
1,1,171,49,80,56,159,56,160,73,123,88,1
1,1,88,36,288,275,286,275,288,36,88,1
1,1,171,37,157,97,249,278,235,288,36,88,1
1,1,158,62,234,230,234,68,240,88,1
1,1,171,37,157,97,78,15,274,31,285,73,123,88,1
1,1,171,49,280,244,48,244,192,53,246,287,210,141,210,287,246,53,192,145,158,1
1,1,158,145,192,35,199,40,231,158,1
1,1,171,49,5,263,292,220,255,250,198,194,8,73,123,88,1
1,1,88,36,288,275,51,242,149,116,8,73,123,88,1
1,1,171,37,157,97,78,15,274,221,169,194,8,73,123,88,1
1,1,88,123,73,8,194,247,66,247,194,8,73,123,88,1
1,1,88,36,288,218,175,45,126,45,9,280,49,171,1
1,1,158,145,70,145,158,1
1,1,158,145,192,53,246,53,192,145,158,1
1,1,88,123,73,8,260,195,260,8,59,8,73,123,88,1
1,1,88,240,298,240,88,1
1,1,171,37,157,97,78,15,77,15,78,115,161,8,73,123,88,1
1,1,88,123,29,250,198,194,8,73,123,88,1
1,1,171,37,157,16,157,37,171,1
1,1,171,37,157,97,26,97,157,37,171,1
1,1,171,37,157,3,157,37,171,1
1,1,87,201,87,1
1,1,88,123,99,92,42,92,99,123,88,1
1,1,158,145,269,3,299,3,157,37,171,1
1,1,171,49,280,9,153,72,255,220,130,213,9,280,49,171,1
1,1,88,123,99,92,251,92,90,183,288,36,88,1
1,1,158,122,154,122,158,1
1,1,88,240,296,240,88,1
1,1,88,123,73,95,152,36,88,1
1,1,171,37,277,30,191,153,9,280,49,171,1
1,1,171,151,47,151,171,1
1,1,158,145,135,14,101,181,66,247,194,8,73,123,88,1
1,1,171,49,280,9,153,72,153,9,280,49,171,1
1,1,158,122,193,22,53,89,207,89,53,192,145,158,1
1,1,171,49,280,187,185,187,280,49,171,1
1,1,88,240,68,234,262,206,138,206,291,10,240,88,1
1,1,171,49,136,183,212,183,288,36,88,1
1,1,88,123,84,238,188,256,69,256,283,158,1
1,1,88,123,73,95,43,95,73,123,88,1
1,1,32,268,58,236,174,156,148,127,171,1
1,1,88,123,73,160,21,264,21,160,34,214,132,36,88,1
1,1,88,36,288,106,131,39,72,153,191,153,9,280,49,171,1
1,1,88,36,288,275,223,54,223,275,288,36,88,1
1,1,158,122,202,78,15,77,243,178,16,157,37,171,1
1,1,171,127,174,127,171,1
1,1,88,36,288,275,223,290,273,290,223,275,288,36,88,1
1,1,88,123,73,8,194,143,210,287,293,237,176,88,1
1,1,171,151,47,179,47,151,171,1
1,1,171,37,157,97,78,15,77,243,60,96,7,244,280,49,171,1
1,1,88,123,73,8,194,169,194,265,148,204,266,227,182,123,88,1
1,1,158,145,192,53,246,287,246,53,192,145,158,1
1,1,32,268,58,236,58,268,32,1
1,1,88,36,132,50,102,261,102,50,132,36,88,1
1,1,171,127,98,127,171,1
1,1,88,123,99,92,90,92,99,123,88,1
1,1,88,123,99,92,24,92,99,123,88,1
1,1,158,300,28,300,158,1
1,1,87,137,87,1
1,1,88,123,73,8,194,247,147,247,194,8,73,123,88,1
1,1,158,145,70,133,70,145,158,1
1,1,32,216,32,1
1,1,88,123,73,8,194,247,226,247,194,8,73,123,88,1
1,1,158,231,219,150,68,240,88,1
1,1,158,122,193,22,52,22,193,122,158,1
1,1,88,36,288,275,223,54,81,54,45,9,280,208,217,208,280,49,171,1
1,1,88,123,73,95,43,83,43,95,73,123,88,1
1,1,87,201,177,209,177,201,87,1
1,1,88,36,288,275,223,54,128,54,223,275,288,36,88,1
1,1,88,36,132,50,163,50,132,36,88,1
1,1,158,231,124,139,124,231,158,1
1,1,171,127,148,156,139,124,180,21,160,73,123,88,1
1,1,88,123,84,238,33,121,284,290,273,11,190,235,288,36,88,1
1,1,158,145,192,53,246,287,293,287,246,53,192,145,158,1
1,1,88,123,73,8,161,115,172,115,161,8,73,123,88,1
1,1,171,49,280,9,254,9,280,49,171,1
1,1,88,36,288,275,223,290,284,290,223,275,288,36,88,1
1,1,158,122,154,184,154,122,158,1
1,1,88,123,84,232,85,146,85,232,84,123,88,1
1,1,88,123,73,285,31,228,31,285,73,123,88,1
1,1,88,123,73,160,56,129,205,129,56,160,73,123,88,1
1,1,88,123,75,57,75,123,88,1
1,1,88,123,73,8,194,143,272,143,194,8,73,123,88,1
1,1,158,145,192,53,246,287,210,287,246,53,192,145,158,1
1,1,88,36,132,50,104,168,104,50,132,36,88,1
1,1,88,240,10,291,112,243,77,15,274,186,282,194,8,73,123,88,1
1,1,171,49,280,9,153,72,140,2,62,158,1
1,1,88,123,73,160,56,129,4,129,56,160,73,123,88,1
1,1,158,122,202,134,202,122,158,1
1,1,88,36,132,142,132,36,88,1
1,1,88,36,288,275,51,259,108,259,51,275,288,36,88,1
1,1,171,49,280,9,153,196,153,9,280,49,171,1
1,1,88,123,73,8,116,149,116,8,73,123,88,1
1,1,171,151,109,101,222,101,109,151,171,1
1,1,88,123,73,8,161,204,161,8,73,123,88,1
1,1,171,49,270,211,270,49,171,1
1,1,88,123,182,203,164,203,182,123,88,1
1,1,171,49,280,9,254,67,254,9,280,49,171,1
1,1,88,36,262,241,262,36,88,1
1,1,88,240,68,234,94,234,68,240,88,1
1,1,88,123,73,8,194,247,66,181,13,181,66,247,194,8,73,123,88,1
1,1,158,300,71,86,71,300,158,1
1,1,158,145,70,133,233,133,70,145,158,1
1,1,158,145,192,53,89,162,189,162,89,53,192,145,158,1
1,1,88,123,73,285,44,285,73,123,88,1
1,1,88,36,288,106,23,106,288,36,88,1
1,1,171,37,157,97,26,64,26,97,157,37,171,1
1,1,158,300,71,267,71,300,158,1
1,1,32,268,58,236,76,236,58,268,32,1
1,1,88,123,73,8,194,143,272,103,272,143,194,8,73,123,88,1
1,1,171,49,280,9,213,25,213,9,280,49,171,1
1,1,171,37,157,97,78,15,274,186,274,15,78,97,157,37,171,1
1,1,88,36,288,218,173,218,288,36,88,1
1,1,88,36,288,276,60,17,60,276,288,36,88,1
2,1,171,37,171,1,158,231,158,1
2,1,88,123,84,238,33,238,32,268,58,236,58,268,32,1
2,1,171,37,157,97,78,15,77,243,77,15,78,97,157,37,171,1
2,1,88,123,73,8,194,8,73,123,88,240,45,175,45,126,205,129,4,129,56,160,73,123,88,1
2,1,171,49,5,49,61,49,280,271,27,271,280,49,171,1
2,1,88,123,73,8,194,247,66,12,10,291,10,240,88,1
2,1,171,37,157,97,157,37,171,1
2,1,88,36,288,275,286,275,288,36,88,1
2,1,158,145,34,145,158,1
2,1,171,49,280,187,185,58,268,92,90,92,99,123,88,1
2,1,32,238,33,235,190,253,75,123,88,1
2,1,171,151,47,179,47,180,28,261,102,50,132,36,88,1
2,1,87,107,195,279,28,180,128,54,81,54,223,275,288,36,88,1
2,1,171,127,240,10,35,192,53,246,287,210,16,157,37,171,1
2,1,88,36,288,275,51,275,288,91,288,36,88,1
2,1,88,176,288,36,132,50,104,252,162,89,53,192,145,158,1
2,1,88,123,99,225,99,123,88,1
2,1,171,49,280,9,213,9,45,126,45,9,280,49,171,1
2,1,158,300,158,1
2,1,88,123,73,8,260,8,194,198,250,29,123,88,1
2,1,88,123,73,8,194,247,66,105,207,89,53,192,145,158,1
2,1,88,36,132,50,104,252,104,258,104,50,274,19,43,95,73,123,88,1
2,1,171,49,280,244,15,77,100,120,49,171,1
2,1,32,268,92,99,144,99,225,182,123,88,1
2,1,88,36,288,276,288,36,262,153,191,30,191,153,9,280,49,171,1
2,1,88,123,84,232,5,263,292,9,280,49,171,1
2,1,87,111,132,50,163,50,132,36,88,1
2,1,88,123,84,166,102,50,62,158,1
2,1,88,123,73,8,194,265,194,143,272,143,194,8,73,123,88,1
2,1,171,37,157,97,113,97,157,37,171,1
2,1,171,37,157,97,117,106,288,36,88,1
2,1,171,151,109,151,115,103,272,143,194,8,73,123,88,1
2,1,88,36,262,153,72,254,9,280,49,171,1
2,1,88,240,68,150,68,240,88,1
2,1,158,145,192,145,158,1
2,1,158,122,193,122,158,1
2,1,171,49,280,63,53,246,160,73,123,88,1
2,1,158,145,294,145,46,145,158,1
2,1,158,145,135,290,273,290,223,275,288,36,88,1
2,1,88,123,99,92,90,203,164,203,182,123,88,1
2,1,171,49,280,271,280,49,171,1
2,1,88,36,200,36,88,1
2,1,171,49,280,244,18,244,280,49,171,1
2,1,158,283,256,69,256,112,278,235,288,36,88,1
2,1,88,123,73,8,161,122,154,184,154,122,158,1
2,1,158,145,192,53,89,162,189,162,89,53,192,145,158,1
2,1,171,49,280,9,45,54,128,54,223,275,288,36,88,1
2,1,88,36,132,50,104,50,132,36,88,1
2,1,158,231,40,26,299,3,157,37,171,1
2,1,171,37,157,97,6,97,157,37,171,1
2,1,88,36,288,275,51,259,114,33,238,84,123,88,1
2,1,88,123,73,285,31,228,31,285,227,182,123,88,1
2,1,88,123,73,160,21,160,73,123,88,1
2,1,171,49,280,244,7,244,192,53,246,53,192,145,158,1
2,1,88,36,288,275,223,290,83,43,95,73,123,88,1
2,1,88,123,75,57,281,57,289,53,246,287,211,270,49,171,1
2,1,158,283,256,283,158,1
2,1,171,49,280,155,280,49,171,1
2,1,88,36,288,275,248,104,50,102,50,132,36,88,1
2,1,171,49,80,254,67,186,274,15,78,97,157,37,171,1
2,1,171,37,157,97,249,210,287,246,53,192,145,158,1
2,1,88,36,288,235,288,36,88,1
2,1,88,123,73,160,56,160,73,123,88,1
2,1,171,49,280,244,48,244,280,49,171,1
2,1,88,36,288,275,51,242,77,100,288,36,88,1
2,1,171,37,157,97,78,15,78,97,157,37,171,1
2,1,88,36,288,218,173,218,288,36,88,1
2,1,158,145,70,145,158,1
2,1,171,49,270,130,241,78,205,129,56,160,73,123,88,1
2,1,88,123,73,8,260,195,260,8,73,123,88,1
2,1,88,240,298,296,240,88,1
2,1,171,37,279,37,171,1
2,1,171,37,157,97,26,97,157,37,171,1
2,1,88,36,288,275,51,170,51,275,288,36,88,1
2,1,88,123,73,8,215,129,56,160,73,123,88,1
2,1,87,201,87,1
2,1,88,36,288,276,60,96,7,244,280,49,171,1
2,1,88,123,99,92,42,172,219,231,158,1
2,1,88,36,288,275,51,65,193,22,159,7,101,181,66,247,194,8,73,123,88,1
2,1,158,145,269,3,299,3,157,37,171,1
2,1,88,123,99,92,251,92,99,123,88,1
2,1,88,123,84,238,33,245,153,72,39,131,106,23,106,288,36,88,1
2,1,158,122,154,227,266,227,182,123,88,1
2,1,171,37,277,37,171,1
2,1,88,36,288,295,239,262,36,88,1
2,1,158,145,135,14,65,51,259,108,259,51,275,288,36,88,1
2,1,171,49,280,9,153,72,153,9,280,49,171,1
2,1,88,36,288,275,223,290,223,275,288,36,88,1
2,1,88,240,10,12,10,252,137,87,1
2,1,88,240,68,234,68,240,88,1
2,1,158,283,256,257,256,283,158,1
2,1,171,49,280,208,280,49,171,1
2,1,171,49,136,286,204,161,8,73,123,88,1
2,1,88,123,84,238,188,256,257,214,132,36,88,1
2,1,88,123,73,95,43,83,134,131,39,72,140,72,153,9,280,49,171,1
2,1,158,231,40,199,40,231,158,1
2,1,158,231,124,231,158,1
2,1,88,123,73,285,31,285,73,123,88,1
2,1,88,123,73,160,21,264,246,53,192,35,116,149,116,8,73,123,88,1
2,1,87,201,177,201,167,201,87,1
2,1,88,36,152,36,88,1
2,1,88,36,288,275,223,54,223,275,288,36,88,1
2,1,158,122,202,122,158,1
2,1,171,127,174,127,171,1
2,1,88,123,73,160,56,119,56,160,73,123,88,1
2,1,88,123,73,8,194,198,250,255,250,198,194,8,73,123,88,1
2,1,88,123,84,232,85,232,84,123,88,1
2,1,88,123,73,8,194,143,210,146,85,232,84,123,88,1
2,1,171,37,157,97,78,15,274,15,78,97,157,37,171,1
2,1,88,123,73,8,194,247,74,247,194,8,73,123,88,1
2,1,88,123,73,8,194,169,194,8,73,123,88,1
2,1,158,145,192,53,246,287,246,53,192,145,158,1
2,1,171,151,109,101,222,101,109,151,171,1
2,1,88,123,73,8,59,8,73,123,88,1
2,1,171,127,98,124,139,70,133,233,133,70,145,158,1
2,1,171,49,280,9,153,72,39,72,153,9,280,49,171,1
2,1,88,123,73,160,56,159,56,160,73,123,88,1
2,1,88,123,99,92,24,92,99,123,88,1
2,1,171,49,280,271,118,271,280,49,171,1
2,1,88,36,288,183,288,36,88,1
2,1,158,145,297,145,158,1
2,1,88,123,73,8,161,115,156,165,156,148,127,171,1
2,1,88,123,73,8,194,247,147,72,39,131,39,72,153,9,280,49,171,1
2,1,158,145,70,133,70,145,158,1
2,1,171,49,280,9,153,191,153,9,280,49,171,1
2,1,32,216,32,1
2,1,88,123,73,8,194,247,226,27,271,178,16,157,37,171,1
2,1,158,122,193,22,52,22,193,122,158,1
2,1,171,49,280,271,27,110,27,271,280,49,171,1
2,1,88,123,73,95,43,83,43,95,73,123,88,1
2,1,158,300,71,300,158,1
2,1,87,201,177,209,177,201,87,1
2,1,158,231,124,139,124,231,158,1
2,1,171,127,148,127,171,1
2,1,171,49,280,208,217,208,280,49,171,1
2,1,88,123,84,238,33,121,284,196,141,210,234,94,234,68,240,88,1
2,1,171,49,280,63,41,63,280,49,171,1
2,1,158,145,192,53,246,287,293,287,246,53,192,145,158,1
2,1,171,49,280,9,292,220,292,9,280,49,171,1
2,1,158,145,192,53,89,207,89,53,192,145,158,1
2,1,88,176,237,224,66,247,194,8,73,123,88,1
2,1,171,49,80,125,80,49,171,1
2,1,88,123,73,8,161,115,172,115,161,8,73,123,88,1
2,1,88,36,288,275,223,290,284,207,89,162,230,234,68,240,88,1
2,1,88,36,288,235,190,235,288,36,88,1
2,1,88,123,75,57,75,123,88,1
2,1,88,176,237,55,237,176,88,1
2,1,158,145,192,53,289,53,192,145,158,1
2,1,88,123,73,8,116,149,250,198,194,169,221,169,194,8,73,123,88,1
2,1,88,36,132,50,104,168,143,245,20,58,268,32,1
2,1,88,240,10,291,112,291,10,240,88,1
2,1,158,122,202,134,202,122,158,1
2,1,88,36,132,142,132,36,88,1
2,1,158,122,202,79,202,122,158,1
2,1,88,176,237,55,93,55,237,176,88,1
2,1,88,240,10,291,206,291,10,240,88,1
2,1,171,49,280,9,213,38,213,9,280,49,171,1
2,1,171,49,280,9,153,196,153,9,280,49,171,1
2,1,171,127,148,156,148,127,171,1
2,1,158,145,192,53,246,287,210,141,210,287,246,53,192,145,158,1
2,1,88,36,262,241,262,36,88,1
2,1,88,123,73,8,194,198,250,229,250,198,194,8,73,123,88,1
2,1,88,240,10,291,206,138,206,291,10,240,88,1
2,1,88,123,73,8,194,247,66,181,13,181,66,247,194,8,73,123,88,1
2,1,158,300,71,86,71,300,158,1
2,1,88,123,73,8,194,282,194,8,73,123,88,1
2,1,88,123,73,285,44,285,73,123,88,1
2,1,171,49,280,9,153,196,82,196,153,9,280,49,171,1
2,1,88,36,288,183,212,183,288,36,88,1
2,1,171,37,157,97,26,64,26,97,157,37,171,1
2,1,158,62,2,62,158,1
2,1,158,300,71,267,71,300,158,1
2,1,32,268,58,236,76,236,58,268,32,1
2,1,171,49,280,9,213,25,213,9,280,49,171,1
2,1,88,36,288,276,60,17,60,276,288,36,88,1
2,1,88,36,288,235,190,11,190,235,288,36,88,1
2,1,88,123,73,8,194,247,66,181,13,197,13,181,66,247,194,8,73,123,88,1
3,1,171,37,157,37,171,1,158,145,192,53,89,162,89,53,192,145,158,1
3,1,88,123,73,135,290,223,275,288,36,88,1
3,1,171,37,157,97,6,232,85,146,210,234,19,274,31,274,15,78,115,172,115,161,8,73,123,88,1
3,1,88,123,84,123,99,225,99,50,163,50,132,36,88,1
3,1,158,145,192,35,192,53,246,264,207,89,53,192,145,158,1
3,1,171,49,5,263,175,218,288,36,88,1
3,1,171,37,157,97,113,271,27,235,288,36,88,1
3,1,88,240,10,252,57,75,123,88,1
3,1,88,36,288,275,288,176,88,1
3,1,171,49,280,244,18,244,280,49,171,1
3,1,88,123,73,8,194,247,66,247,194,8,73,123,88,1
3,1,32,238,33,114,125,129,56,160,73,123,88,1
3,1,88,123,84,238,33,245,272,142,132,36,88,1
3,1,88,36,288,91,288,36,88,1
3,1,171,151,109,101,205,129,56,160,73,123,88,1
3,1,87,111,87,201,87,1
3,1,171,127,240,68,234,210,287,246,53,192,145,158,1
3,1,88,36,288,275,51,259,108,20,58,268,32,1
3,1,171,49,280,187,280,9,45,9,280,187,132,50,132,36,88,1
3,1,88,36,132,50,119,56,160,73,123,88,1
3,1,88,123,99,144,99,52,22,193,122,158,1
3,1,158,231,40,26,40,55,93,55,237,176,88,1
3,1,171,49,280,9,153,191,153,9,280,49,171,1
3,1,158,300,208,280,49,171,1
3,1,88,123,73,8,260,8,194,265,194,8,73,123,88,1
3,1,88,123,73,8,194,247,194,8,73,123,88,1
3,1,32,268,58,155,280,49,171,1
3,1,88,36,288,276,288,275,223,54,81,54,223,275,288,36,88,1
3,1,88,123,84,232,85,146,210,287,293,269,145,158,1
3,1,88,123,84,166,102,50,104,252,57,75,123,88,1
3,1,158,145,34,160,56,119,289,57,298,240,88,1
3,1,171,37,157,97,117,198,250,149,250,62,2,62,158,1
3,1,88,36,262,36,288,275,51,242,51,275,288,36,88,1
3,1,158,145,192,53,89,53,192,145,158,1
3,1,158,122,193,65,292,197,13,181,66,247,194,8,73,123,88,1
3,1,171,49,280,63,280,49,171,1
3,1,171,49,61,38,184,154,90,92,99,123,88,1
3,1,88,123,182,14,135,145,158,1
3,1,158,145,294,145,158,1
3,1,88,123,99,92,99,123,88,1
3,1,171,49,280,271,27,110,45,54,128,54,223,275,288,36,88,1
3,1,88,36,200,72,39,131,134,202,122,158,1
3,1,158,283,256,59,8,73,123,88,1
3,1,88,123,73,8,161,122,154,122,161,50,104,252,137,87,1
3,1,158,145,192,53,192,244,170,51,275,288,36,88,1
3,1,88,36,132,50,104,252,10,291,10,240,88,1
3,1,87,107,27,271,280,49,171,1
3,1,158,231,40,55,237,176,88,1
3,1,88,123,73,285,31,274,15,78,97,157,37,171,1
3,1,88,123,73,160,21,56,129,4,129,56,160,73,123,88,1
3,1,171,49,280,244,7,244,280,49,171,1
3,1,171,49,280,9,213,9,45,175,218,288,36,88,1
3,1,88,36,288,275,248,104,252,57,289,53,192,145,158,1
3,1,171,49,80,49,120,49,171,1
3,1,88,36,288,275,286,136,49,171,1
3,1,171,37,157,97,249,272,67,254,9,280,49,171,1
3,1,158,62,50,102,50,132,36,88,1
3,1,171,37,157,97,78,15,78,97,157,37,171,1
3,1,171,49,280,244,48,117,106,288,36,88,1
3,1,171,49,5,263,292,220,130,241,13,181,66,247,194,8,73,123,88,1
3,1,158,145,70,145,158,1
3,1,171,49,270,211,226,27,235,288,218,173,218,288,36,88,1
3,1,88,123,73,8,260,195,279,268,92,24,92,99,123,88,1
3,1,171,37,157,97,78,15,77,15,78,97,157,37,171,1
3,1,88,123,29,250,198,194,8,73,123,88,1
3,1,171,37,157,16,210,234,230,234,68,240,88,1
3,1,171,37,279,112,243,190,11,190,235,288,36,88,1
3,1,171,37,157,3,273,290,233,133,70,145,158,1
3,1,88,36,288,100,288,36,88,1
3,1,88,123,73,8,215,8,161,295,288,36,88,1
3,1,88,36,288,276,60,183,212,183,288,36,88,1
3,1,88,123,99,92,42,92,99,123,88,1
3,1,171,49,280,9,153,72,140,72,153,191,30,86,71,300,158,1
3,1,88,123,99,92,251,92,268,58,236,58,268,32,1
3,1,88,123,84,238,33,245,143,194,8,73,123,88,1
3,1,88,240,296,223,290,83,43,95,73,123,88,1
3,1,88,123,73,95,43,83,67,254,9,280,49,171,1
3,1,171,37,277,37,171,1
3,1,171,49,280,9,292,9,280,49,171,1
3,1,171,151,47,78,205,224,66,247,194,8,73,123,88,1
3,1,171,37,157,3,299,3,157,37,171,1
3,1,88,240,10,12,10,183,288,36,88,1
3,1,171,49,280,187,185,58,20,58,268,32,1
3,1,158,283,256,257,256,69,256,283,158,1
3,1,88,123,84,238,188,238,84,123,88,1
3,1,88,123,73,95,43,95,73,123,88,1
3,1,158,231,40,199,40,231,158,1
3,1,158,231,124,231,158,1
3,1,88,123,73,160,21,264,21,160,73,123,88,1
3,1,87,201,177,201,236,174,127,171,1
3,1,88,36,152,126,72,153,196,153,9,280,49,171,1
3,1,88,36,288,275,223,54,223,290,83,134,202,122,158,1
3,1,88,36,288,275,223,290,273,290,223,275,288,36,88,1
3,1,88,123,73,8,194,247,74,247,194,8,73,123,88,1
3,1,171,151,47,179,77,243,77,15,78,97,157,37,171,1
3,1,88,123,73,8,194,169,298,57,281,91,288,36,88,1
3,1,158,145,192,53,246,287,210,141,210,287,246,53,192,145,158,1
3,1,171,151,109,101,205,129,125,80,49,171,1
3,1,88,36,132,50,102,261,102,50,132,36,88,1
3,1,171,127,98,127,171,1
3,1,171,49,280,9,153,72,39,46,145,158,1
3,1,88,123,73,160,56,159,56,160,73,123,88,1
3,1,88,123,182,203,164,203,182,123,88,1
3,1,171,49,280,271,118,271,280,49,171,1
3,1,158,145,297,79,202,122,158,1
3,1,88,123,73,8,161,115,161,8,73,123,88,1
3,1,88,36,132,214,132,36,288,106,23,106,288,36,88,1
3,1,158,300,28,300,71,267,71,300,158,1
3,1,88,123,73,8,194,247,66,105,66,139,156,148,127,171,1
3,1,88,123,73,8,194,247,147,247,194,8,73,123,88,1
3,1,88,36,262,239,262,36,88,1
3,1,32,216,32,1
3,1,158,231,219,150,68,240,88,1
3,1,158,122,193,22,52,284,196,82,196,153,9,280,49,171,1
3,1,88,123,182,227,266,204,177,19,43,95,73,123,88,1
3,1,158,300,71,300,158,1
3,1,87,201,177,209,177,201,236,76,64,26,97,157,37,171,1
3,1,158,231,124,139,27,7,96,7,244,280,49,171,1
3,1,171,49,280,208,217,208,280,49,171,1
3,1,171,37,157,16,178,16,210,146,241,130,258,260,8,73,123,88,1
3,1,88,123,84,238,33,121,33,238,84,123,88,1
3,1,171,49,280,63,41,63,280,49,171,1
3,1,158,145,192,53,246,287,293,287,246,53,192,145,158,1
3,1,171,49,280,9,292,220,292,9,280,49,171,1
3,1,171,49,280,9,45,126,45,9,280,49,171,1
3,1,88,36,288,275,223,290,284,290,223,275,288,36,88,1
3,1,88,123,73,8,194,247,66,181,66,247,194,8,73,123,88,1
3,1,171,49,280,9,153,72,39,131,39,72,153,9,280,49,171,1
3,1,88,36,288,235,190,243,167,201,87,1
3,1,88,123,73,285,31,228,31,285,73,123,88,1
3,1,88,123,73,160,21,180,21,160,73,123,88,1
3,1,88,176,237,55,237,176,88,1
3,1,88,123,73,8,194,143,272,143,194,8,73,123,88,1
3,1,88,123,73,8,116,8,73,123,88,1
3,1,88,36,132,50,104,168,104,50,132,36,88,1
3,1,88,123,73,8,194,198,250,255,250,198,194,8,73,123,88,1
3,1,171,49,280,9,213,130,213,9,280,49,171,1
3,1,88,240,10,291,206,262,36,288,276,60,17,60,276,288,36,88,1
3,1,171,49,280,9,213,38,213,9,280,49,171,1
3,1,88,123,73,8,194,169,221,169,194,8,73,123,88,1
3,1,171,151,109,101,222,101,109,151,171,1
3,1,88,123,73,8,161,204,161,8,73,123,88,1
3,1,171,127,148,156,148,127,171,1
3,1,88,36,262,241,262,36,88,1
3,1,88,123,73,8,194,198,250,229,250,198,194,8,73,123,88,1
3,1,88,240,68,234,94,234,68,240,88,1
3,1,88,240,10,291,206,138,206,291,10,240,88,1
3,1,88,36,288,235,278,235,288,36,88,1
3,1,88,123,75,253,75,123,88,1
3,1,171,127,148,156,165,156,148,127,171,1
3,1,158,145,70,133,233,133,70,145,158,1
3,1,88,123,73,8,194,282,194,8,73,123,88,1
3,1,158,145,192,53,89,162,189,162,89,53,192,145,158,1
3,1,88,123,73,285,44,285,73,123,88,1
3,1,171,49,280,9,153,191,30,191,153,9,280,49,171,1
3,1,32,268,58,236,76,236,58,268,32,1
3,1,88,123,73,8,194,143,272,103,272,143,194,8,73,123,88,1
3,1,171,49,280,9,213,25,213,9,280,49,171,1
3,1,171,37,157,97,78,15,274,186,274,15,78,97,157,37,171,1
