1,1,58,1,65,14,15,52,67,86,75,13,2,1
1,1,39,8,62,8,1
1,1,55,1
1,1,39,99,10,61,44,2,1
1,1,12,50,83,80,68,98,3,85,37,31,1
1,1,65,50,65,1,15,1
1,1,31,37,61,2,1
1,1,2,13,5,19,5,13,2,1
1,1,24,52,2,88,2,1
1,1,2,52,24,47,74,35,58,1
1,1,81,13,75,72,84,61,2,1
1,1,65,50,83,81,41,60,97,18,44,2,1
1,1,46,60,54,87,43,55,1
1,1,65,3,27,30,91,31,1
1,1,15,9,92,1
1,1,65,50,83,56,83,81,41,97,65,1
1,1,55,53,55,1
1,1,8,40,90,100,6,2,1
1,1,2,13,2,1
1,1,31,20,25,84,78,84,61,2,1
1,1,39,99,30,66,75,86,79,86,75,13,2,1
1,1,65,3,27,3,65,1
1,1,2,13,5,73,1
1,1,2,13,5,10,61,45,77,45,92,1
1,1,55,43,87,23,68,73,63,73,1
1,1,12,59,12,50,16,1
1,1,55,43,87,43,68,33,65,1
1,1,2,13,11,93,72,84,61,2,1
1,1,65,14,38,14,65,1
1,1,70,1
1,1,46,68,65,34,22,31,1
1,1,46,68,94,32,1
1,1,8,40,8,1
1,1,55,41,31,76,2,1
1,1,49,72,17,71,92,1
1,1,31,22,25,84,36,11,13,2,1
1,1,58,96,6,82,4,16,1
1,1,2,61,84,61,2,1
1,1,2,100,2,1
1,1,2,13,90,13,2,1
1,1,2,13,75,13,2,1
1,1,12,26,12,1
1,1,31,91,29,91,31,1
1,1,2,100,82,100,2,1
1,1,55,95,55,1
1,1,55,41,42,41,55,1
1,1,65,7,65,1
1,1,2,13,11,51,11,13,2,1
1,1,12,26,48,26,12,50,16,4,64,4,16,1
1,1,46,69,31,22,25,21,25,22,31,1
1,1,92,71,92,1
1,1,2,13,75,86,79,74,79,86,75,13,2,1
1,1,92,45,92,1
1,1,49,57,49,1
1,1,16,4,89,4,16,1
1,1,2,76,28,76,2,1
2,1,58,1,55,65,50,12,50,65,46,60,54,87,50,96,58,1
2,1,65,99,52,24,52,67,49,72,75,51,11,13,2,1
2,1,39,1
2,1,65,50,83,81,41,60,48,26,12,1
2,1,15,2,88,2,1
2,1,31,37,91,6,2,1
2,1,65,14,30,19,75,13,2,1
2,1,65,50,83,50,65,1
2,1,65,3,8,92,78,84,61,2,1
2,1,15,9,92,71,17,71,92,1
2,1,65,50,83,56,83,81,41,97,65,1
2,1,55,53,41,60,41,23,41,55,1
2,1,31,91,40,63,57,61,2,1
2,1,31,37,85,10,5,13,2,1
2,1,31,20,61,57,89,4,16,1
2,1,65,50,83,80,83,50,65,1
2,1,65,3,27,47,25,22,31,1
2,1,2,13,5,13,2,1
2,1,2,13,5,10,84,25,73,1
2,1,55,43,68,94,68,46,1
2,1,12,59,43,42,41,55,1
2,1,55,43,87,43,55,1
2,1,65,97,98,97,65,1
2,1,2,13,11,13,2,1
2,1,65,14,38,60,32,95,55,1
2,1,70,5,19,5,13,2,1
2,1,46,68,46,1
2,1,49,58,1
2,1,92,72,63,73,1
2,1,47,1
2,1,31,22,25,100,90,13,2,1
2,1,2,61,84,61,2,1
2,1,2,100,2,1
2,1,65,33,27,51,21,25,22,31,1
2,1,2,13,11,36,35,58,1
2,1,12,26,12,1
2,1,31,91,29,91,31,1
2,1,2,13,75,86,79,86,75,13,2,1
2,1,2,100,82,62,93,72,84,61,2,1
2,1,2,13,66,75,13,2,1
2,1,8,62,8,1
2,1,32,1
2,1,65,7,65,1
2,1,2,44,2,1
2,1,46,69,31,37,71,92,1
2,1,2,13,75,86,79,74,79,86,75,13,2,1
2,1,92,45,92,1
2,1,16,4,16,1
2,1,31,22,34,16,77,45,92,1
2,1,2,44,18,44,2,1
2,1,2,76,2,1
2,1,2,76,28,76,2,1
2,1,16,4,64,4,16,1
3,1,58,1,12,1,15,98,97,65,1
3,1,65,99,39,56,83,50,65,1
3,1,39,85,67,82,100,2,1
3,1,55,41,60,41,55,1
3,1,65,50,83,43,55,88,36,11,13,2,1
3,1,31,2,52,2,88,2,1
3,1,2,8,47,25,22,19,5,13,2,1
3,1,65,14,81,83,50,65,1
3,1,24,10,5,13,2,1
3,1,81,83,80,83,50,65,1
3,1,31,37,25,22,31,1
3,1,46,68,94,68,43,87,43,55,1
3,1,65,3,27,30,91,70,1
3,1,15,9,85,67,29,66,93,63,44,2,1
3,1,55,53,54,88,73,1
3,1,31,91,11,10,84,86,79,86,75,13,2,1
3,1,65,97,98,68,46,1
3,1,2,13,5,10,84,45,57,18,35,58,1
3,1,31,20,62,8,1
3,1,39,99,30,91,6,2,1
3,1,65,3,27,51,21,25,22,31,1
3,1,2,13,5,10,5,13,2,1
3,1,12,59,12,1
3,1,65,14,38,14,65,1
3,1,2,61,90,100,2,1
3,1,8,40,22,31,1
3,1,55,41,55,65,34,22,31,1
3,1,49,58,1
3,1,92,1
3,1,58,96,58,1
3,1,2,13,90,13,2,1
3,1,2,61,84,78,82,51,21,76,2,1
3,1,2,13,75,13,2,1
3,1,65,33,65,1
3,1,12,26,12,1
3,1,2,13,75,86,63,73,1
3,1,49,72,79,71,92,1
3,1,2,13,66,93,16,1
3,1,55,41,23,69,46,1
3,1,55,95,55,1
3,1,32,41,42,41,55,1
3,1,65,7,65,1
3,1,2,13,11,51,21,57,61,2,1
3,1,12,26,48,26,12,50,16,17,71,92,1
3,1,2,13,75,86,79,74,79,86,75,13,2,1
3,1,16,4,16,1
3,1,2,44,18,44,2,1
3,1,92,45,77,45,92,1
3,1,16,4,89,4,16,1
3,1,2,76,28,76,2,1
3,1,16,4,64,4,16,1
