1,1,17,27,17,1
1,1,16,18,19,1
1,1,30,25,30,1
1,1,2,1
1,1,24,1
1,1,30,26,30,1
1,1,17,20,17,1
1,1,7,13,1
1,1,12,1
1,1,10,22,10,1
1,1,17,21,10,1
1,1,29,1
1,1,29,8,18,3,29,1
1,1,17,28,17,1
1,1,13,9,13,1
1,1,2,14,2,1
1,1,30,15,30,1
1,1,30,4,30,1
1,1,30,4,6,4,30,1
1,1,11,1
1,1,5,1
1,1,17,23,17,1
2,1,2,1
2,1,29,16,29,1
2,1,30,25,30,26,30,1
2,1,17,28,17,1
2,1,18,1
2,1,7,1
2,1,24,1
2,1,9,30,15,30,1
2,1,13,1
2,1,12,1
2,1,10,22,10,1
2,1,17,23,24,1
2,1,5,1
2,1,17,20,17,1
2,1,2,14,2,6,4,30,1
2,1,19,4,30,1
2,1,13,8,13,1
2,1,17,27,17,1
2,1,30,4,30,1
2,1,17,21,17,1
2,1,11,1
2,1,29,3,29,1
3,1,30,1
3,1,17,28,17,1
3,1,5,2,1
3,1,10,22,10,1
3,1,17,20,17,1
3,1,12,1
3,1,30,15,30,1
3,1,19,18,1
3,1,7,13,1
3,1,17,23,17,1
3,1,13,1
3,1,11,1
3,1,29,3,29,1
3,1,17,21,17,1
3,1,24,1
3,1,2,14,2,1
3,1,30,4,30,1
3,1,26,30,25,30,1
3,1,17,27,17,1
3,1,30,4,6,4,30,1
3,1,13,8,13,1
3,1,13,9,13,1
3,1,29,16,29,1
