1,1,13,1
1,1,28,14,35,14,28,1
1,1,79,1
1,1,21,4,21,1
1,1,82,1
1,1,26,1
1,1,28,14,29,14,28,1
1,1,100,43,100,1
1,1,13,90,13,1
1,1,38,1
1,1,2,33,2,1
1,1,100,3,74,2,1
1,1,2,81,2,1
1,1,82,36,37,36,82,1
1,1,91,49,91,1
1,1,34,24,94,1
1,1,82,19,82,1
1,1,87,1
1,1,82,11,82,1
1,1,53,1
1,1,82,45,82,1
1,1,96,1
1,1,28,85,28,1
1,1,82,99,82,1
1,1,53,83,53,1
1,1,28,14,10,84,1
1,1,2,74,2,1
1,1,48,1
1,1,73,1
1,1,100,72,70,1
1,1,91,24,91,1
1,1,2,74,23,74,2,1
1,1,15,1
1,1,69,1
1,1,44,1
1,1,2,74,76,74,2,1
1,1,96,58,96,1
1,1,2,33,16,33,2,1
1,1,68,1
1,1,68,98,97,82,1
1,1,82,95,82,1
1,1,28,14,63,14,28,1
1,1,18,1
1,1,91,65,91,1
1,1,53,42,1
1,1,68,56,68,1
1,1,82,97,57,55,82,1
1,1,28,12,100,1
1,1,53,78,53,1
1,1,100,72,84,1
1,1,2,74,60,74,2,1
1,1,82,89,22,89,82,1
1,1,79,51,79,1
1,1,27,1
1,1,28,14,64,14,28,1
1,1,91,24,20,24,91,1
1,1,44,9,44,1
1,1,18,62,18,1
1,1,82,36,37,40,37,36,82,1
1,1,53,92,53,1
1,1,53,6,1
1,1,2,74,66,74,91,1
1,1,93,1
1,1,82,95,7,95,82,1
1,1,87,70,87,1
1,1,2,74,31,74,2,1
1,1,82,36,41,36,82,1
1,1,68,56,86,56,68,1
1,1,2,33,16,46,16,33,2,1
1,1,53,6,77,6,53,1
1,1,53,6,47,6,53,1
1,1,96,58,75,58,96,1
1,1,53,6,77,50,80,50,77,6,53,1
1,1,2,74,66,30,66,74,91,1
1,1,2,74,5,74,91,1
1,1,82,55,82,1
1,1,82,32,91,1
1,1,61,1
1,1,2,74,67,66,74,91,1
1,1,2,74,71,74,2,1
1,1,82,36,88,36,82,1
1,1,82,36,25,36,82,1
1,1,28,14,59,70,1
1,1,68,52,95,82,1
1,1,2,74,76,8,76,74,91,1
1,1,18,39,54,39,18,1
1,1,82,89,17,89,82,1
2,1,82,36,25,36,82,1
2,1,2,74,76,8,76,74,2,1
2,1,61,1
2,1,2,74,2,1
2,1,18,62,18,1
2,1,91,49,91,1
2,1,91,65,91,1
2,1,13,1
2,1,26,1
2,1,53,57,97,78,53,1
2,1,48,1
2,1,94,60,74,2,1
2,1,100,3,74,2,1
2,1,100,72,70,87,1
2,1,28,12,28,1
2,1,28,14,28,1
2,1,53,83,18,1
2,1,44,1
2,1,44,9,26,1
2,1,73,1
2,1,2,74,31,74,2,1
2,1,21,4,21,1
2,1,28,85,28,1
2,1,93,1
2,1,53,6,53,1
2,1,82,11,95,82,1
2,1,82,89,17,89,82,1
2,1,2,74,23,74,2,1
2,1,87,1
2,1,2,74,66,74,2,1
2,1,96,58,96,1
2,1,28,14,63,14,28,1
2,1,79,1
2,1,82,19,82,1
2,1,82,36,82,1
2,1,28,14,35,14,28,1
2,1,82,89,22,89,82,1
2,1,79,51,79,1
2,1,18,39,54,39,18,1
2,1,91,24,20,24,91,1
2,1,96,58,75,58,96,1
2,1,2,74,60,74,91,1
2,1,82,95,7,95,82,1
2,1,92,68,56,68,1
2,1,2,74,31,34,31,74,2,1
2,1,38,1
2,1,68,56,86,56,68,1
2,1,53,6,47,6,53,1
2,1,69,1
2,1,28,14,59,14,28,1
2,1,28,14,29,14,28,1
2,1,2,74,66,30,88,36,66,74,91,1
2,1,2,74,67,74,2,1
2,1,2,33,2,1
2,1,68,98,97,82,1
2,1,68,52,68,1
2,1,82,55,82,1
2,1,53,6,77,50,80,50,77,6,53,1
2,1,82,99,82,1
2,1,28,14,10,84,1
2,1,28,14,64,14,28,1
2,1,82,36,41,36,82,1
2,1,82,36,88,36,82,1
2,1,82,45,82,1
2,1,15,1
2,1,100,72,84,1
2,1,2,33,16,33,2,1
2,1,2,74,5,74,2,1
2,1,53,42,53,1
2,1,13,90,13,1
2,1,2,74,76,74,91,1
2,1,87,70,87,1
2,1,27,1
2,1,82,36,37,36,82,1
2,1,100,43,100,1
2,1,2,81,71,74,91,1
2,1,82,32,42,1
2,1,53,6,77,50,96,1
2,1,82,36,37,40,37,36,82,1
2,1,2,33,16,46,16,33,2,1
3,1,69,1
3,1,28,85,28,1
3,1,79,1
3,1,28,14,28,1
3,1,100,72,100,1
3,1,87,70,87,1
3,1,44,1
3,1,82,89,82,1
3,1,27,1
3,1,82,36,37,36,82,1
3,1,28,14,63,14,28,1
3,1,53,1
3,1,100,43,100,1
3,1,2,1
3,1,68,1
3,1,100,3,74,2,1
3,1,53,42,53,1
3,1,68,52,95,82,1
3,1,28,14,29,14,28,1
3,1,68,98,41,36,82,1
3,1,2,74,31,34,31,74,2,1
3,1,2,74,5,74,2,1
3,1,91,93,1
3,1,28,14,10,84,72,100,1
3,1,18,39,18,1
3,1,91,65,91,1
3,1,38,1
3,1,28,14,64,14,28,1
3,1,53,92,53,1
3,1,79,51,79,1
3,1,15,100,1
3,1,53,83,53,1
3,1,2,74,60,74,2,1
3,1,18,62,18,1
3,1,82,89,17,89,82,1
3,1,21,1
3,1,68,56,68,1
3,1,28,14,35,14,28,1
3,1,53,6,77,6,53,1
3,1,82,32,42,1
3,1,28,14,59,14,28,1
3,1,28,12,28,1
3,1,94,1
3,1,2,74,66,74,2,1
3,1,13,90,13,1
3,1,2,74,66,30,66,74,2,1
3,1,100,72,84,1
3,1,48,1
3,1,82,95,7,95,82,1
3,1,96,58,75,58,96,1
3,1,82,97,82,1
3,1,82,11,95,82,1
3,1,53,6,77,50,77,6,53,1
3,1,61,1
3,1,82,36,25,36,82,1
3,1,73,1
3,1,91,49,91,1
3,1,91,24,91,1
3,1,82,99,82,1
3,1,68,56,86,56,68,1
3,1,2,74,23,74,2,1
3,1,82,97,57,97,81,95,82,1
3,1,18,39,54,39,18,1
3,1,2,74,71,74,2,1
3,1,53,78,53,1
3,1,44,9,26,1
3,1,82,19,82,1
3,1,2,74,67,74,2,1
3,1,82,36,88,36,82,1
3,1,82,89,22,79,1
3,1,82,36,41,36,82,1
3,1,26,1
3,1,82,36,37,40,37,36,82,1
3,1,2,74,76,74,2,1
3,1,2,33,16,46,16,33,2,1
3,1,82,45,82,1
3,1,2,74,76,8,76,74,91,1
3,1,91,24,20,24,91,1
3,1,82,55,82,1
3,1,53,6,47,82,1
3,1,21,4,21,1
3,1,53,6,77,50,80,82,1
