1,1,11,1
1,1,81,286,13,180,258,286,81,1
1,1,16,1
1,1,153,1
1,1,18,1
1,1,37,32,37,1
1,1,34,1
1,1,81,126,81,1
1,1,271,15,271,1
1,1,60,53,60,1
1,1,17,1
1,1,27,200,27,1
1,1,14,269,14,1
1,1,27,211,27,1
1,1,232,1
1,1,189,82,189,1
1,1,93,1
1,1,168,1
1,1,11,256,11,1
1,1,190,1
1,1,104,1
1,1,241,169,241,1
1,1,14,180,14,1
1,1,259,1
1,1,44,206,134,206,44,1
1,1,189,94,189,1
1,1,42,188,42,1
1,1,182,1
1,1,37,165,37,1
1,1,11,256,106,256,11,1
1,1,16,20,123,41,16,1
1,1,37,165,65,165,37,1
1,1,212,1
1,1,14,230,14,226,97,27,1
1,1,37,165,65,51,65,165,37,1
1,1,259,216,35,279,246,259,1
1,1,136,1
1,1,268,253,146,286,81,1
1,1,245,28,245,1
1,1,198,59,238,59,198,1
1,1,60,231,60,1
1,1,136,236,136,1
1,1,27,149,49,149,27,36,289,44,1
1,1,44,57,44,1
1,1,189,82,105,82,189,1
1,1,11,122,11,1
1,1,4,100,1
1,1,27,149,264,149,27,1
1,1,198,273,198,1
1,1,182,92,237,92,182,1
1,1,14,282,14,1
1,1,198,219,198,1
1,1,11,122,86,122,11,1
1,1,190,30,190,1
1,1,40,1
1,1,198,59,102,59,198,1
1,1,245,160,187,160,245,1
1,1,212,233,212,118,60,1
1,1,268,203,22,268,1
1,1,198,252,198,1
1,1,182,76,26,76,182,1
1,1,81,201,81,1
1,1,27,149,91,115,91,149,27,1
1,1,81,25,81,1
1,1,44,103,119,239,254,239,119,44,1
1,1,198,59,102,257,102,59,198,1
1,1,245,114,245,1
1,1,16,183,16,1
1,1,245,290,245,208,97,27,1
1,1,85,10,121,11,1
1,1,81,126,148,166,148,126,81,1
1,1,11,71,78,31,122,11,1
1,1,44,119,44,1
1,1,189,46,189,1
1,1,27,97,284,97,27,1
1,1,198,256,74,69,192,252,198,1
1,1,182,76,274,76,182,1
1,1,271,87,271,1
1,1,140,234,127,1
1,1,259,47,259,67,127,1
1,1,83,6,83,1
1,1,195,1
1,1,60,118,60,1
1,1,189,46,267,46,189,1
1,1,44,289,36,289,44,1
1,1,42,61,42,1
1,1,11,121,11,1
1,1,73,1
1,1,81,171,295,171,81,1
1,1,81,171,220,2,220,171,81,1
1,1,44,119,239,119,109,77,289,44,1
1,1,25,270,78,81,1
1,1,227,1
1,1,34,235,186,235,34,1
1,1,81,171,181,171,81,1
1,1,98,242,98,1
1,1,81,126,135,126,81,1
1,1,70,1
1,1,127,221,127,1
1,1,271,170,138,1
1,1,81,171,255,171,81,1
1,1,37,199,37,1
1,1,84,1
1,1,298,1
1,1,127,221,162,221,127,1
1,1,98,242,33,242,98,1
1,1,139,1
1,1,37,80,244,37,1
1,1,37,246,213,246,37,1
1,1,27,249,27,1
1,1,44,57,7,57,44,1
1,1,27,149,152,149,27,1
1,1,136,155,136,1
1,1,81,31,56,31,81,1
1,1,245,192,24,192,245,1
1,1,37,209,259,1
1,1,83,173,83,1
1,1,44,289,222,289,44,1
1,1,83,6,260,6,83,1
1,1,101,210,101,1
1,1,268,22,247,22,268,1
1,1,27,149,152,275,152,149,27,1
1,1,83,285,83,1
1,1,268,22,113,22,268,1
1,1,277,1
1,1,293,1
1,1,127,228,127,1
1,1,279,16,1
1,1,27,149,137,64,176,182,1
1,1,81,177,120,10,78,81,1
1,1,60,9,281,116,281,9,60,1
1,1,259,240,259,1
1,1,17,88,17,1
1,1,16,300,16,1
1,1,81,171,295,204,295,171,81,1
1,1,11,121,288,121,11,1
1,1,271,107,158,107,271,1
1,1,136,129,136,1
1,1,18,50,18,1
1,1,245,28,251,28,245,1
1,1,37,214,37,1
1,1,198,263,198,1
1,1,44,289,36,207,36,289,44,1
1,1,11,121,10,121,11,1
1,1,268,22,52,22,268,1
1,1,198,59,163,59,198,1
1,1,81,201,130,201,81,1
1,1,40,223,40,1
1,1,27,149,231,80,300,66,149,27,1
1,1,27,149,145,78,147,149,27,1
1,1,245,160,197,160,245,1
1,1,81,215,81,1
1,1,81,171,255,203,29,203,255,171,81,1
1,1,271,174,271,1
1,1,27,296,99,296,27,1
1,1,81,72,81,29,203,255,171,81,1
1,1,245,138,1
1,1,271,256,114,44,57,142,57,44,1
1,1,60,280,60,1
1,1,245,192,62,192,245,1
1,1,40,79,40,1
1,1,232,144,63,144,232,1
1,1,245,266,245,1
1,1,198,117,217,117,198,1
1,1,81,286,143,108,287,108,143,286,81,1
1,1,27,149,137,64,137,149,27,1
1,1,245,3,245,1
1,1,189,82,291,82,189,1
1,1,81,286,4,297,4,286,81,1
1,1,101,55,143,286,81,1
1,1,245,151,245,1
1,1,27,149,49,89,49,149,27,1
1,1,182,68,182,1
1,1,168,261,168,1
1,1,127,221,162,224,162,221,127,1
1,1,245,192,205,192,245,1
1,1,136,129,265,129,136,1
1,1,198,48,198,1
1,1,198,59,163,19,163,59,198,1
1,1,182,76,292,76,182,1
1,1,81,286,146,286,81,1
1,1,18,103,283,103,18,1
1,1,245,154,202,154,245,1
1,1,44,119,239,23,239,119,44,1
1,1,27,196,27,1
1,1,245,192,156,192,245,1
1,1,40,179,40,1
1,1,14,269,225,269,14,1
1,1,83,285,95,285,83,183,16,1
1,1,81,126,148,166,262,166,148,126,81,1
1,1,16,41,43,229,16,1
1,1,44,45,44,1
1,1,245,3,96,3,245,1
1,1,27,97,12,132,12,97,27,1
1,1,245,192,250,192,245,1
1,1,268,164,268,1
1,1,245,192,5,192,245,1
1,1,27,111,27,1
1,1,27,248,249,27,1
1,1,232,133,232,1
1,1,277,112,277,1
1,1,37,214,125,167,125,214,37,1
1,1,17,157,17,1
1,1,27,149,152,272,159,272,152,149,27,1
1,1,212,58,212,1
1,1,198,252,150,252,198,1
1,1,81,171,128,171,81,1
1,1,168,185,168,1
1,1,27,149,152,299,152,149,27,1
1,1,271,184,271,1
1,1,37,214,125,8,125,214,37,1
1,1,17,54,88,75,88,17,1
1,1,27,175,27,1
1,1,27,149,147,149,27,1
1,1,198,273,294,273,198,1
1,1,109,1
1,1,34,141,34,1
1,1,218,1
1,1,98,242,131,242,98,1
1,1,81,286,143,21,143,286,81,1
1,1,268,22,276,22,268,1
1,1,81,286,146,253,109,36,146,286,81,1
1,1,81,25,38,25,81,1
1,1,182,210,137,64,182,76,26,178,26,76,182,1
1,1,27,149,49,89,39,89,49,149,27,1
1,1,198,59,172,59,198,1
1,1,245,160,187,124,187,160,245,1
1,1,245,160,197,193,197,160,245,1
1,1,245,192,156,161,156,192,245,1
1,1,268,22,276,90,276,22,268,1
1,1,218,191,218,1
1,1,245,160,110,160,245,1
1,1,27,149,137,64,194,64,137,149,27,1
1,1,27,97,226,97,27,1
1,1,27,149,137,123,137,149,27,1
1,1,189,94,243,94,189,1
1,1,81,126,278,126,81,1
2,1,11,1
2,1,136,129,136,1
2,1,27,196,27,1
2,1,27,149,152,272,152,149,27,1
2,1,18,1
2,1,40,79,40,1
2,1,37,1
2,1,42,1
2,1,27,296,99,296,27,1
2,1,98,242,33,242,98,1
2,1,17,88,17,1
2,1,279,1
2,1,81,1
2,1,11,122,11,1
2,1,127,67,127,1
2,1,85,1
2,1,139,1
2,1,100,1
2,1,101,1
2,1,104,1
2,1,11,121,10,121,11,1
2,1,198,252,150,252,198,1
2,1,241,1
2,1,245,192,250,192,245,1
2,1,182,1
2,1,198,117,217,117,198,1
2,1,60,9,281,9,60,1
2,1,195,1
2,1,83,6,83,1
2,1,153,1
2,1,227,1
2,1,232,1
2,1,182,76,292,76,182,1
2,1,44,289,36,289,44,1
2,1,190,1
2,1,93,1
2,1,259,216,259,1
2,1,17,88,75,88,17,1
2,1,14,1
2,1,37,32,37,1
2,1,189,82,105,82,189,1
2,1,127,221,162,224,162,221,127,1
2,1,190,30,190,1
2,1,198,273,198,1
2,1,44,119,44,1
2,1,44,206,134,206,44,1
2,1,14,269,14,1
2,1,245,160,197,160,245,1
2,1,16,183,16,1
2,1,241,169,241,1
2,1,83,173,83,1
2,1,34,1
2,1,18,50,18,1
2,1,11,166,258,86,121,11,1
2,1,81,171,255,203,255,171,81,1
2,1,37,214,37,1
2,1,27,149,49,149,27,1
2,1,245,160,187,160,245,1
2,1,232,133,232,1
2,1,189,46,267,46,189,1
2,1,245,3,245,1
2,1,44,206,89,44,1
2,1,268,164,268,1
2,1,168,1
2,1,81,171,220,171,81,1
2,1,81,74,81,1
2,1,81,126,148,126,81,1
2,1,27,97,112,46,70,27,1
2,1,245,192,156,192,245,1
2,1,37,246,37,1
2,1,27,149,152,299,152,149,27,174,271,1
2,1,245,192,205,192,245,1
2,1,81,126,135,126,81,295,171,81,1
2,1,27,97,208,97,27,1
2,1,198,59,163,286,258,59,198,1
2,1,182,76,26,76,182,1
2,1,44,57,44,1
2,1,44,57,7,129,274,57,44,1
2,1,271,1
2,1,81,286,258,177,258,286,81,1
2,1,27,149,145,149,27,1
2,1,27,149,264,149,27,1
2,1,81,25,81,1
2,1,81,31,81,1
2,1,212,58,212,1
2,1,218,1
2,1,81,286,143,55,143,286,81,1
2,1,81,201,81,1
2,1,245,3,96,3,245,1
2,1,168,261,168,1
2,1,14,282,14,1
2,1,245,192,5,192,245,1
2,1,198,252,198,1
2,1,11,122,86,35,160,198,122,11,1
2,1,14,269,225,269,14,1
2,1,44,119,140,119,44,1
2,1,34,235,34,1
2,1,245,151,245,1
2,1,198,273,294,273,198,1
2,1,168,185,168,1
2,1,81,286,143,108,143,286,81,1
2,1,271,184,271,1
2,1,198,59,163,19,163,59,198,1
2,1,16,300,97,16,223,40,1
2,1,277,1
2,1,11,27,200,27,1
2,1,245,154,245,1
2,1,81,78,81,1
2,1,81,171,255,203,29,203,255,171,81,1
2,1,123,44,218,191,218,1
2,1,60,118,60,1
2,1,27,97,284,97,27,1
2,1,81,286,143,21,143,286,81,1
2,1,136,129,265,129,136,1
2,1,11,256,11,1
2,1,198,219,198,1
2,1,245,114,245,1
2,1,109,1
2,1,37,246,213,246,37,1
2,1,136,155,136,1
2,1,81,286,146,253,146,286,81,1
2,1,84,1
2,1,60,231,60,1
2,1,81,286,143,55,120,55,143,286,81,1
2,1,245,154,202,149,27,1
2,1,27,175,27,1
2,1,101,210,101,1
2,1,17,157,17,1
2,1,268,22,268,1
2,1,198,59,43,149,27,1
2,1,127,228,127,76,182,1
2,1,198,48,198,1
2,1,271,107,128,291,82,270,271,1
2,1,182,92,182,1
2,1,27,248,27,1
2,1,83,285,95,285,83,1
2,1,40,179,40,247,22,268,1
2,1,27,111,27,1
2,1,271,87,271,1
2,1,27,149,152,275,152,149,27,1
2,1,44,289,77,289,44,1
2,1,18,103,283,103,18,1
2,1,81,72,81,1
2,1,60,9,281,116,281,9,60,1
2,1,27,149,137,64,194,64,137,149,27,1
2,1,81,286,4,286,81,1
2,1,241,37,214,125,167,125,214,37,1
2,1,27,149,147,149,27,1
2,1,271,107,158,107,271,1
2,1,27,149,49,89,39,132,44,89,49,149,27,1
2,1,198,59,172,59,198,1
2,1,37,165,65,165,37,1
2,1,37,199,37,1
2,1,198,263,198,1
2,1,293,1
2,1,44,57,142,57,44,1
2,1,182,92,176,92,237,92,182,1
2,1,44,119,239,119,44,1
2,1,232,144,232,1
2,1,168,229,168,1
2,1,271,170,271,1
2,1,298,1
2,1,245,28,251,28,245,1
2,1,271,15,271,1
2,1,81,25,38,25,81,1
2,1,268,22,214,37,22,113,22,268,1
2,1,27,97,12,132,12,97,27,1
2,1,16,20,16,1
2,1,37,209,259,1
2,1,14,180,14,1
2,1,245,290,108,143,74,273,160,245,1
2,1,42,61,42,1
2,1,27,97,284,234,1
2,1,27,149,66,149,27,1
2,1,27,149,152,272,159,272,152,149,27,1
2,1,81,286,258,286,81,27,1
2,1,81,126,278,126,81,1
2,1,11,121,288,121,11,1
2,1,81,126,148,166,262,166,148,126,81,1
2,1,277,112,277,1
2,1,42,150,196,188,42,1
2,1,198,59,238,59,198,1
2,1,198,101,11,217,59,102,59,198,1
2,1,98,242,98,1
2,1,11,256,106,256,11,1
2,1,44,289,36,207,36,289,44,1
2,1,81,286,13,286,81,1
2,1,259,47,259,68,182,1
2,1,245,138,1
2,1,14,230,14,234,284,97,27,1
2,1,44,45,44,1
2,1,11,71,11,1
2,1,27,249,27,1
2,1,27,249,35,249,27,1
2,1,198,252,54,252,198,1
2,1,189,94,243,94,189,1
2,1,189,82,291,82,189,1
2,1,245,160,110,160,245,1
2,1,27,175,27,149,91,115,91,149,27,1
2,1,27,97,226,97,27,1
2,1,245,192,246,270,24,192,245,1
2,1,245,192,62,192,245,1
2,1,44,119,239,23,239,119,44,1
2,1,81,215,81,1
2,1,81,201,130,201,81,1
2,1,268,22,52,22,268,1
2,1,245,266,245,1
2,1,268,22,276,22,268,1
2,1,271,174,271,1
2,1,232,144,63,144,232,1
2,1,60,53,60,1
2,1,212,233,212,1
2,1,27,211,27,1
2,1,34,235,186,235,34,1
2,1,44,289,222,289,44,1
2,1,245,160,197,193,197,160,245,1
2,1,60,9,80,9,60,1
2,1,37,214,125,8,125,214,37,1
2,1,16,41,16,1
2,1,37,244,37,1
2,1,44,119,239,254,239,119,44,1
2,1,37,165,65,51,65,165,37,1
2,1,81,171,220,2,220,171,81,1
2,1,136,236,136,1
2,1,83,6,260,6,83,1
2,1,81,286,4,297,4,286,81,1
2,1,259,240,259,1
2,1,34,141,34,1
2,1,73,1
2,1,98,242,131,242,40,80,231,37,98,1
2,1,81,171,295,204,295,171,81,1
2,1,182,76,26,178,26,76,182,1
2,1,198,59,15,197,193,102,257,102,59,198,1
2,1,70,1
2,1,245,160,187,124,187,160,245,1
2,1,60,280,60,1
2,1,81,171,181,171,81,1
2,1,245,192,156,161,156,192,245,1
2,1,268,22,276,90,276,22,268,1
2,1,83,59,198,69,198,1
2,1,81,31,56,31,81,1
2,1,81,286,143,108,287,108,143,286,81,1
3,1,14,1
3,1,11,1
3,1,259,47,259,206,44,1
3,1,18,1
3,1,245,192,205,192,245,1
3,1,17,88,75,88,17,1
3,1,27,149,152,149,27,1
3,1,198,59,163,19,163,59,198,1
3,1,189,46,267,46,189,1
3,1,16,20,16,1
3,1,198,59,163,59,198,1
3,1,37,32,37,1
3,1,81,171,220,171,81,1
3,1,60,9,60,1
3,1,298,1
3,1,102,59,198,59,102,59,198,1
3,1,27,211,27,1
3,1,198,263,198,1
3,1,11,121,10,121,11,1
3,1,81,126,148,166,148,126,81,1
3,1,81,72,86,81,1
3,1,245,138,1
3,1,245,154,202,154,245,1
3,1,198,59,238,59,198,1
3,1,44,45,44,281,9,60,1
3,1,136,129,265,129,136,1
3,1,85,1
3,1,44,119,44,1
3,1,81,171,255,203,255,171,81,1
3,1,16,300,16,1
3,1,81,171,295,220,221,246,204,295,171,81,1
3,1,109,29,203,255,171,81,1
3,1,34,235,34,1
3,1,182,68,182,1
3,1,245,3,245,1
3,1,198,219,198,24,192,245,1
3,1,293,4,67,214,98,1
3,1,27,97,27,1
3,1,60,9,281,116,281,9,60,1
3,1,212,1
3,1,168,1
3,1,11,256,11,31,81,1
3,1,198,117,198,1
3,1,31,168,229,168,1
3,1,199,27,196,27,1
3,1,189,82,189,1
3,1,245,192,5,192,245,1
3,1,198,273,294,273,198,1
3,1,18,50,18,1
3,1,81,171,128,171,81,1
3,1,139,1
3,1,27,111,27,138,1
3,1,127,228,127,1
3,1,81,126,135,126,81,1
3,1,27,149,91,149,27,1
3,1,268,1
3,1,245,114,245,1
3,1,190,1
3,1,37,209,259,1
3,1,27,249,27,1
3,1,98,1
3,1,93,1
3,1,127,221,238,24,67,127,1
3,1,198,252,198,1
3,1,44,119,140,119,44,1
3,1,83,6,83,1
3,1,55,14,211,27,97,101,284,97,27,70,1
3,1,81,201,130,201,81,1
3,1,153,1
3,1,98,242,98,1
3,1,42,188,42,1
3,1,81,25,81,69,198,1
3,1,17,157,17,1
3,1,11,256,106,256,11,1
3,1,60,118,60,1
3,1,84,1
3,1,232,144,232,1
3,1,14,282,14,1
3,1,136,236,136,1
3,1,14,180,190,253,269,14,1
3,1,81,171,181,171,66,132,12,81,1
3,1,189,94,189,1
3,1,81,126,278,126,81,1
3,1,277,112,277,180,14,1
3,1,81,171,255,203,29,203,255,171,81,1
3,1,27,149,137,149,27,176,182,1
3,1,198,59,43,149,27,1
3,1,81,215,81,1
3,1,81,286,81,1
3,1,27,97,284,234,284,97,206,226,97,27,1
3,1,42,61,42,1
3,1,27,97,12,36,289,44,97,27,1
3,1,27,149,137,64,137,149,27,1
3,1,83,6,260,6,83,1
3,1,27,296,27,1
3,1,271,213,246,37,1
3,1,245,151,245,1
3,1,44,289,222,289,44,1
3,1,11,71,11,1
3,1,81,286,143,286,81,1
3,1,182,92,182,241,1
3,1,44,300,134,289,36,289,44,1
3,1,34,235,186,235,34,1
3,1,40,84,40,79,40,1
3,1,232,144,63,144,232,1
3,1,182,76,292,76,182,1
3,1,198,253,88,69,198,1
3,1,40,179,40,1
3,1,81,286,143,108,143,286,81,1
3,1,60,53,60,1
3,1,245,3,96,3,245,1
3,1,104,1
3,1,44,119,239,119,44,1
3,1,245,192,62,192,245,1
3,1,101,210,101,1
3,1,227,1
3,1,37,165,65,51,65,165,37,1
3,1,27,149,145,149,27,1
3,1,182,76,26,178,26,76,182,1
3,1,271,107,271,1
3,1,27,149,49,89,39,89,49,149,27,1
3,1,127,221,267,162,221,127,1
3,1,27,296,99,296,27,1
3,1,245,28,251,28,245,1
3,1,16,41,16,1
3,1,14,269,14,1
3,1,11,122,86,122,11,1
3,1,271,184,271,1
3,1,182,92,237,92,182,1
3,1,27,149,264,149,27,1
3,1,168,185,168,7,57,44,1
3,1,259,246,221,165,101,1
3,1,189,94,243,94,189,1
3,1,81,286,143,21,143,286,100,259,246,81,1
3,1,44,206,44,1
3,1,27,175,27,1
3,1,271,174,271,1
3,1,218,191,218,1
3,1,148,126,121,83,285,83,1
3,1,81,31,56,31,81,1
3,1,268,22,268,1
3,1,81,78,81,1
3,1,27,249,35,249,27,1
3,1,279,1
3,1,268,22,247,22,268,1
3,1,128,171,80,81,27,149,137,64,194,64,137,149,27,1
3,1,198,59,172,59,198,234,284,97,27,1
3,1,268,22,113,22,268,1
3,1,44,289,77,198,48,261,89,185,177,120,55,168,289,44,1
3,1,73,1
3,1,245,266,245,1
3,1,212,58,212,1
3,1,81,25,38,25,81,1
3,1,245,160,110,160,245,1
3,1,245,290,245,1
3,1,37,70,85,188,125,214,125,214,37,1
3,1,11,121,288,121,11,1
3,1,241,169,241,1
3,1,81,74,81,1
3,1,40,223,40,1
3,1,44,57,142,57,44,1
3,1,14,269,225,39,269,14,1
3,1,44,57,7,57,44,1
3,1,190,30,258,286,81,1
3,1,271,15,271,1
3,1,83,285,95,285,83,1
3,1,98,242,131,242,98,1
3,1,27,149,91,115,91,149,27,1
3,1,245,192,156,192,245,1
3,1,81,286,13,286,81,1
3,1,268,78,4,164,268,1
3,1,182,76,274,76,182,1
3,1,198,59,102,257,254,202,102,59,198,1
3,1,27,248,27,1
3,1,27,149,66,149,27,1
3,1,85,154,208,136,155,136,1
3,1,37,246,213,246,37,1
3,1,37,244,37,132,12,97,27,1
3,1,81,286,146,286,81,1
3,1,198,252,54,252,198,1
3,1,37,214,125,8,125,279,37,214,37,1
3,1,14,230,14,100,1
3,1,83,173,83,1
3,1,245,160,187,124,187,160,245,1
3,1,60,280,60,1
3,1,44,16,283,103,18,241,1
3,1,271,87,271,1
3,1,198,79,217,117,252,150,252,198,1
3,1,270,1
3,1,18,241,268,22,276,22,268,1
3,1,27,149,147,149,27,1
3,1,16,183,16,1
3,1,268,22,276,90,276,22,268,1
3,1,259,240,212,259,1
3,1,212,233,212,1
3,1,81,126,148,166,262,166,133,232,86,148,126,81,1
3,1,60,231,60,1
3,1,189,46,82,291,82,189,1
3,1,37,214,125,167,125,214,37,1
3,1,27,200,27,1
3,1,27,149,268,149,152,272,152,149,27,1
3,1,98,242,33,242,98,1
3,1,245,160,197,193,197,160,245,1
3,1,81,286,258,286,81,1
3,1,271,170,271,1
3,1,27,149,152,275,152,149,27,1
3,1,44,119,239,23,239,119,44,1
3,1,245,130,297,250,192,156,161,156,192,245,1
3,1,27,149,152,299,152,149,27,1
3,1,81,286,258,177,258,286,81,1
3,1,127,221,162,224,162,221,127,1
3,1,195,216,259,1
3,1,27,109,91,143,74,149,152,272,159,272,152,149,27,1
3,1,268,22,52,22,268,1
3,1,34,141,34,1
3,1,44,289,36,207,36,289,44,1
3,1,189,82,105,82,189,1
3,1,27,149,137,123,137,149,27,1
3,1,81,171,220,2,220,171,81,1
3,1,271,107,158,107,271,1
3,1,81,286,104,157,143,108,287,108,143,286,81,1
