1,1,268,22,247,22,52,283,178,202,149,27,1
1,1,60,9,80,81,286,258,286,81,1
1,1,11,279,9,281,116,188,98,101,210,164,149,27,1
1,1,34,111,249,35,12,237,92,182,1
1,1,101,164,268,1
1,1,73,249,35,168,206,44,1
1,1,241,149,152,252,54,6,83,1
1,1,11,122,9,127,125,127,30,258,286,81,1
1,1,60,231,60,1
1,1,245,1
1,1,268,22,241,18,1
1,1,268,22,113,247,227,1
1,1,27,200,160,64,12,97,27,1
1,1,34,235,153,141,34,1
1,1,98,242,11,103,186,235,34,1
1,1,37,165,37,214,295,171,81,1
1,1,81,171,67,156,59,198,1
1,1,84,276,22,111,249,35,69,198,1
1,1,27,175,211,152,48,198,1
1,1,27,149,137,147,234,208,97,27,1
1,1,198,160,252,117,198,1
1,1,37,244,148,126,81,1
1,1,127,221,97,27,1
1,1,60,118,120,55,143,286,81,1
1,1,27,149,145,149,27,1
1,1,18,50,249,283,16,300,134,206,44,1
1,1,268,22,276,90,276,31,81,1
1,1,18,103,261,272,152,149,27,1
1,1,189,126,148,15,54,252,198,1
1,1,11,256,184,14,1
1,1,42,188,130,201,81,1
1,1,37,165,65,293,116,10,143,286,81,1
1,1,37,214,125,167,67,221,246,240,259,1
1,1,60,280,60,122,271,1
1,1,139,153,169,93,66,132,12,97,27,1
1,1,37,165,65,51,188,146,157,17,1
1,1,27,248,93,140,23,239,119,44,1
1,1,98,242,131,67,4,297,55,158,107,271,1
1,1,27,149,152,149,27,1
1,1,245,114,261,168,1
1,1,81,25,220,171,81,1
1,1,27,149,137,64,12,132,44,1
1,1,27,97,284,151,296,27,1
1,1,81,126,135,143,108,143,286,81,1
1,1,98,242,33,37,231,80,289,44,1
1,1,245,151,168,261,182,1
1,1,198,273,138,219,28,245,1
1,1,189,94,25,74,138,187,160,245,1
1,1,81,74,296,24,192,245,1
1,1,245,138,170,88,294,63,144,232,1
1,1,270,1
1,1,16,136,1
1,1,198,252,117,217,79,40,1
1,1,198,219,198,1
1,1,11,122,86,122,11,1
1,1,37,199,88,17,1
1,1,298,216,85,1
1,1,16,41,300,16,1
1,1,81,286,146,15,197,161,156,192,245,1
1,1,259,277,1
1,1,27,97,284,234,261,168,229,124,176,182,1
1,1,81,126,278,72,15,96,215,81,1
1,1,168,206,91,115,91,149,27,1
1,1,245,192,59,43,149,27,1
1,1,81,171,255,72,88,3,74,81,1
1,1,271,184,269,14,1
1,1,17,45,129,136,1
1,1,81,72,135,4,286,81,1
1,1,189,94,243,61,42,1
1,1,245,192,250,187,172,59,198,1
1,1,11,121,176,222,254,239,119,44,1
1,1,259,216,259,1
1,1,271,170,138,1
1,1,37,214,125,8,125,214,37,1
1,1,27,97,226,97,27,1
1,1,93,1
1,1,245,192,156,192,245,1
1,1,271,107,271,1
1,1,40,1
1,1,189,46,189,1
1,1,37,209,82,105,82,189,1
1,1,100,8,32,37,1
1,1,27,149,137,123,119,274,292,76,182,1
1,1,16,183,66,16,1
1,1,245,154,182,222,77,289,44,1
1,1,232,1
1,1,70,96,5,192,245,1
1,1,168,185,76,182,1
1,1,27,149,49,40,217,117,198,1
1,1,37,246,213,70,96,191,218,1
1,1,44,119,26,57,173,83,1
1,1,81,171,181,13,286,81,1
1,1,16,20,16,1
1,1,189,82,291,128,171,81,1
1,1,189,82,291,82,189,1
1,1,127,221,162,221,127,1
1,1,127,221,162,224,162,221,127,1
1,1,218,1
1,1,245,192,62,192,245,1
1,1,245,160,187,124,266,245,1
1,1,271,15,99,296,27,1
1,1,44,57,44,1
1,1,11,121,288,2,262,166,148,126,81,1
1,1,14,269,225,269,14,1
1,1,182,92,182,1
1,1,127,228,46,203,190,1
1,1,81,126,148,166,78,81,1
1,1,245,160,197,62,196,195,106,256,11,1
1,1,277,112,267,46,189,1
1,1,212,58,174,271,1
1,1,245,160,197,193,197,160,245,1
1,1,198,59,163,59,198,1
1,1,17,88,75,88,17,1
1,1,60,53,60,1
1,1,27,149,264,149,27,1
1,1,81,25,38,25,81,1
1,1,81,286,143,55,143,286,81,1
1,1,182,76,274,76,182,1
1,1,245,290,245,1
1,1,81,171,295,204,295,171,81,1
1,1,81,201,81,1
1,1,81,171,255,203,255,171,81,1
1,1,259,47,128,58,56,31,81,1
1,1,11,121,10,180,193,102,59,198,1
1,1,27,149,91,149,27,1
1,1,44,289,222,289,44,1
1,1,14,180,14,1
1,1,232,133,232,1
1,1,27,149,49,89,49,149,27,1
1,1,245,28,251,28,245,1
1,1,136,155,136,1
1,1,83,1
1,1,83,285,83,1
1,1,136,236,136,1
1,1,81,286,146,253,146,286,81,1
1,1,212,58,56,290,142,7,57,44,1
1,1,212,233,38,71,11,1
1,1,81,171,255,203,29,225,104,1
1,1,27,149,152,299,26,76,182,1
1,1,44,119,140,23,239,119,44,1
1,1,198,252,150,252,198,1
1,1,136,129,265,129,136,1
1,1,44,57,142,57,44,1
1,1,109,1
1,1,198,263,198,1
1,1,182,68,182,1
1,1,245,3,96,3,245,1
1,1,81,171,220,2,220,171,81,1
1,1,44,45,89,257,6,230,14,1
1,1,198,59,102,257,178,202,194,64,137,149,27,1
1,1,27,149,49,89,39,89,49,149,27,1
1,1,40,223,40,1
1,1,245,192,205,192,245,1
1,1,198,59,238,59,198,1
1,1,198,59,163,19,104,215,282,14,1
1,1,27,149,152,275,238,68,36,289,44,1
1,1,271,87,271,1
1,1,44,289,36,207,36,289,44,1
1,1,83,285,95,285,83,1
1,1,182,76,26,178,26,76,182,1
1,1,27,196,195,1
1,1,27,149,152,272,159,272,152,149,27,1
1,1,232,144,232,1
1,1,198,273,294,273,198,1
1,1,81,286,143,21,143,286,81,1
1,1,245,160,110,160,245,1
1,1,81,286,258,177,258,286,81,1
1,1,40,179,40,1
1,1,83,6,260,6,83,1
1,1,81,286,143,108,287,108,143,286,81,1
2,1,268,22,235,11,73,60,122,271,107,13,286,81,1
2,1,11,160,245,1
2,1,34,137,64,229,168,1
2,1,27,149,27,18,27,149,121,11,1
2,1,81,126,105,82,189,1
2,1,11,122,11,1
2,1,37,244,25,81,1
2,1,37,165,37,1
2,1,37,214,37,1
2,1,27,111,160,187,160,245,1
2,1,27,249,35,151,219,197,160,245,1
2,1,81,171,80,9,60,1
2,1,198,160,137,149,27,1
2,1,268,22,247,22,164,118,60,1
2,1,101,98,242,131,242,98,1
2,1,101,210,22,241,18,103,47,259,1
2,1,268,22,276,84,1
2,1,27,249,35,16,66,16,1
2,1,42,189,1
2,1,268,22,113,141,153,139,1
2,1,27,97,284,28,245,1
2,1,60,9,281,116,162,224,162,221,127,1
2,1,34,235,186,235,34,1
2,1,241,113,52,73,81,171,128,171,81,1
2,1,227,118,127,1
2,1,279,175,27,1
2,1,27,200,160,114,211,27,1
2,1,60,231,167,125,214,37,1
2,1,98,242,65,51,278,297,55,143,286,81,1
2,1,18,50,249,147,149,27,1
2,1,60,280,284,12,97,27,1
2,1,27,149,145,160,273,198,1
2,1,268,22,276,90,200,192,245,1
2,1,293,131,199,37,1
2,1,27,97,284,138,74,81,1
2,1,127,67,167,24,264,223,40,1
2,1,271,148,270,121,15,99,263,198,1
2,1,11,256,211,114,271,243,94,189,1
2,1,37,165,65,125,188,196,95,150,179,40,1
2,1,245,138,1
2,1,18,103,283,16,1
2,1,153,248,97,64,137,149,27,1
2,1,81,126,148,255,94,189,1
2,1,34,141,153,248,183,16,1
2,1,98,242,33,199,221,127,1
2,1,245,151,59,198,1
2,1,27,149,152,252,117,198,1
2,1,60,9,281,116,298,216,61,42,1
2,1,198,48,152,17,1
2,1,27,97,284,234,1
2,1,198,252,187,124,187,160,245,1
2,1,16,41,261,168,1
2,1,241,169,219,170,138,1
2,1,81,286,135,126,81,1
2,1,81,171,220,72,174,53,60,1
2,1,81,31,250,192,245,1
2,1,198,219,187,124,40,124,76,182,1
2,1,259,216,85,277,1
2,1,37,246,116,134,91,115,91,149,27,1
2,1,168,1
2,1,81,126,278,72,174,58,212,1
2,1,271,184,156,92,275,152,149,27,1
2,1,81,72,255,46,240,253,146,286,81,1
2,1,81,286,258,40,289,44,1
2,1,11,122,86,122,11,1
2,1,37,209,259,1
2,1,81,286,146,107,271,1
2,1,100,298,94,36,207,36,289,44,1
2,1,85,1
2,1,27,97,12,132,44,206,274,76,182,1
2,1,168,185,168,1
2,1,259,240,259,1
2,1,37,32,37,1
2,1,27,97,226,43,191,285,83,1
2,1,198,69,176,182,1
2,1,37,214,125,8,125,214,37,1
2,1,81,286,4,63,144,232,1
2,1,245,154,265,129,136,1
2,1,277,112,277,1
2,1,17,88,17,1
2,1,182,208,97,27,1
2,1,182,76,26,76,182,1
2,1,232,269,177,258,286,81,1
2,1,136,129,136,1
2,1,136,155,136,1
2,1,27,149,137,123,93,272,163,191,218,1
2,1,16,300,226,206,44,1
2,1,44,119,44,1
2,1,70,213,246,37,1
2,1,27,149,49,40,217,117,198,1
2,1,27,149,152,272,124,193,197,160,245,1
2,1,14,296,27,1
2,1,81,171,181,204,295,171,81,1
2,1,16,20,134,206,44,1
2,1,245,192,156,161,156,192,245,1
2,1,271,15,299,152,149,27,1
2,1,11,121,288,62,192,245,1
2,1,189,82,291,174,120,195,1
2,1,245,192,24,296,62,196,27,1
2,1,127,228,162,221,127,1
2,1,81,126,148,166,78,81,1
2,1,14,269,253,143,286,81,1
2,1,198,252,54,252,198,1
2,1,212,203,255,171,81,1
2,1,27,296,99,59,176,194,64,137,149,27,1
2,1,189,46,267,46,189,1
2,1,271,174,29,203,255,171,81,1
2,1,81,171,295,204,212,130,201,81,1
2,1,11,121,10,120,55,143,286,81,1
2,1,212,233,212,1
2,1,198,59,102,59,198,1
2,1,81,201,81,1
2,1,83,1
2,1,218,1
2,1,44,57,44,1
2,1,17,157,17,1
2,1,245,154,202,149,27,1
2,1,245,290,245,1
2,1,182,92,182,1
2,1,81,286,4,297,4,286,81,1
2,1,182,68,182,1
2,1,245,266,245,1
2,1,81,215,81,1
2,1,232,144,232,1
2,1,44,119,239,119,44,1
2,1,198,59,172,59,198,1
2,1,245,28,251,28,245,1
2,1,198,59,43,215,5,192,245,1
2,1,14,180,108,143,286,81,1
2,1,81,31,56,10,225,269,14,1
2,1,27,149,91,115,236,136,1
2,1,198,59,163,19,163,59,198,1
2,1,44,119,140,23,77,7,57,44,1
2,1,198,273,294,273,198,1
2,1,44,289,36,289,44,1
2,1,245,3,251,28,238,59,198,1
2,1,245,3,96,3,245,1
2,1,190,1
2,1,27,149,49,89,49,149,27,1
2,1,245,160,110,160,245,1
2,1,81,126,148,166,262,260,6,83,1
2,1,182,76,292,76,182,1
2,1,81,171,220,2,133,173,83,1
2,1,182,92,237,92,182,1
2,1,44,289,222,289,44,1
2,1,109,1
2,1,44,119,239,254,239,119,44,1
2,1,44,57,142,57,44,1
2,1,44,45,44,1
2,1,27,149,264,102,257,102,59,198,1
2,1,17,88,75,38,25,81,1
2,1,44,119,239,23,239,119,44,1
2,1,27,149,49,89,39,89,49,149,27,1
2,1,232,133,232,1
2,1,104,1
2,1,271,107,158,107,271,1
2,1,44,289,77,289,44,1
2,1,182,76,26,178,257,108,87,271,1
2,1,83,6,79,40,1
2,1,27,149,152,272,159,272,152,149,27,1
2,1,11,256,106,256,11,1
2,1,14,230,14,1
2,1,11,71,11,1
2,1,81,286,143,108,287,108,143,286,81,1
2,1,14,282,14,1
2,1,81,286,143,21,143,286,81,1
2,1,190,30,190,1
2,1,245,192,205,192,245,1
2,1,198,252,150,252,198,1
3,1,268,241,268,164,280,60,1
3,1,268,22,37,67,171,245,1
3,1,11,9,281,214,37,231,175,200,27,1
3,1,27,175,148,72,81,1
3,1,27,149,137,64,234,16,41,16,1
3,1,18,234,261,154,261,168,1
3,1,34,235,186,283,16,1
3,1,73,67,127,221,246,259,1
3,1,101,210,293,131,33,65,31,81,1
3,1,60,9,80,171,86,184,192,245,1
3,1,227,1
3,1,81,74,250,192,245,1
3,1,268,22,247,22,268,51,65,165,37,1
3,1,37,165,37,214,295,171,81,1
3,1,279,81,209,2,133,232,1
3,1,98,82,291,82,189,1
3,1,268,22,276,123,119,26,76,182,1
3,1,27,249,35,119,155,136,1
3,1,27,249,35,249,27,1
3,1,11,122,152,149,27,1
3,1,81,25,81,1
3,1,268,22,52,34,235,50,18,1
3,1,268,22,113,22,280,298,53,60,1
3,1,34,235,103,145,64,218,1
3,1,81,171,231,60,1
3,1,37,214,125,188,116,10,121,11,1
3,1,37,214,125,167,255,278,201,81,1
3,1,293,165,74,3,74,81,1
3,1,98,242,65,243,120,55,143,286,81,1
3,1,268,22,276,90,131,199,37,1
3,1,27,111,283,129,136,1
3,1,84,227,118,232,144,63,144,232,1
3,1,198,160,245,1
3,1,37,244,127,221,127,1
3,1,98,242,131,242,116,281,9,60,1
3,1,139,93,1
3,1,153,139,284,151,245,1
3,1,81,286,81,1
3,1,245,138,187,156,59,163,59,198,1
3,1,189,94,189,1
3,1,27,149,145,97,43,104,1
3,1,42,126,197,179,40,1
3,1,189,94,243,94,189,1
3,1,271,114,245,1
3,1,27,211,114,147,149,27,1
3,1,11,256,271,148,126,81,1
3,1,27,149,137,64,48,198,1
3,1,27,97,284,151,252,198,1
3,1,168,1
3,1,271,184,271,1
3,1,34,141,226,97,27,1
3,1,27,248,261,272,152,149,27,1
3,1,198,273,74,81,1
3,1,27,97,12,168,261,69,198,1
3,1,198,219,289,36,289,44,1
3,1,198,117,217,110,160,245,1
3,1,298,246,37,1
3,1,270,220,171,81,1
3,1,241,169,123,124,187,160,245,1
3,1,81,171,255,135,258,286,81,1
3,1,16,183,16,1
3,1,81,126,278,255,85,1
3,1,42,61,42,1
3,1,14,1
3,1,245,192,156,192,245,1
3,1,17,146,170,138,1
3,1,44,20,16,1
3,1,44,206,44,1
3,1,81,286,4,286,81,1
3,1,44,119,44,1
3,1,11,121,146,4,297,4,286,81,1
3,1,259,216,259,100,1
3,1,81,286,146,107,271,1
3,1,11,121,288,121,11,1
3,1,27,149,137,123,44,57,44,1
3,1,198,59,198,1
3,1,37,246,213,246,37,1
3,1,189,46,189,1
3,1,168,229,217,117,198,1
3,1,16,300,45,44,1
3,1,127,221,162,32,37,1
3,1,127,221,162,224,162,221,127,1
3,1,168,185,115,91,149,27,1
3,1,27,97,12,132,44,89,49,149,27,1
3,1,245,160,187,156,161,156,192,245,1
3,1,70,85,277,240,259,1
3,1,27,149,66,185,49,149,27,1
3,1,182,49,40,1
3,1,27,97,208,136,1
3,1,27,296,27,1
3,1,37,214,125,8,213,203,255,171,81,1
3,1,81,171,181,233,212,1
3,1,198,252,54,99,83,1
3,1,182,76,292,76,182,1
3,1,182,76,274,76,182,1
3,1,182,92,182,1
3,1,271,15,197,160,245,1
3,1,212,58,262,166,148,126,81,1
3,1,44,206,134,91,115,23,239,119,44,1
3,1,232,14,296,24,192,245,1
3,1,17,88,75,88,17,1
3,1,81,286,143,286,81,1
3,1,81,286,143,108,143,286,81,1
3,1,44,119,239,119,44,1
3,1,17,157,17,1
3,1,271,174,291,128,47,259,1
3,1,189,82,295,204,295,171,81,1
3,1,27,149,264,149,27,1
3,1,127,228,277,78,10,180,14,1
3,1,81,126,148,166,58,212,1
3,1,277,112,212,294,273,198,1
3,1,14,269,290,245,1
3,1,81,78,10,143,253,146,286,81,1
3,1,27,296,99,28,19,163,59,198,1
3,1,81,171,128,99,299,152,149,27,1
3,1,189,46,267,204,212,130,201,81,1
3,1,189,82,105,177,13,286,81,1
3,1,81,171,255,203,29,225,96,17,1
3,1,81,31,56,75,230,14,1
3,1,81,286,143,55,143,286,81,1
3,1,44,119,140,222,289,44,1
3,1,14,269,225,269,14,1
3,1,198,59,102,264,39,89,49,149,27,1
3,1,44,57,142,57,44,1
3,1,190,1
3,1,190,30,258,286,81,1
3,1,11,71,11,1
3,1,81,286,258,177,258,286,81,1
3,1,198,263,198,1
3,1,44,57,7,57,44,1
3,1,245,160,197,193,163,172,59,198,1
3,1,27,149,91,129,265,129,136,1
3,1,44,289,77,222,254,239,119,44,1
3,1,27,149,137,64,176,178,202,154,245,1
3,1,81,171,220,2,282,14,1
3,1,198,59,43,19,275,152,149,27,1
3,1,136,236,178,202,68,182,1
3,1,245,192,62,83,3,251,260,195,205,192,245,1
3,1,182,76,26,178,26,76,182,1
3,1,198,59,238,59,198,1
3,1,83,285,191,218,1
3,1,83,285,95,285,83,1
3,1,81,286,143,21,143,286,81,1
3,1,245,192,5,192,245,1
3,1,271,107,158,107,271,1
3,1,27,149,152,272,159,272,152,149,27,1
3,1,198,59,102,257,102,59,198,1
3,1,245,28,19,266,245,1
3,1,27,196,133,294,144,232,1
3,1,81,25,38,25,81,1
3,1,271,87,271,1
3,1,182,92,237,79,40,1
3,1,83,6,83,1
3,1,83,6,260,6,83,1
3,1,27,149,137,64,194,64,137,149,27,1
3,1,83,173,83,1
3,1,109,1
3,1,44,289,36,207,36,289,44,1
3,1,11,256,106,256,11,1
3,1,195,1
3,1,40,223,40,1
3,1,81,215,282,287,108,143,286,81,1
3,1,198,252,150,252,198,1
