1,1,120,5,164,22,164,284,44,124,184,144,37,66,223,1
1,1,138,211,96,298,240,279,138,1
1,1,79,100,39,100,173,159,254,174,138,1
1,1,120,164,153,161,238,76,289,63,289,138,1
1,1,120,112,264,134,212,205,266,220,12,54,12,166,76,1
1,1,187,192,202,141,120,1
1,1,280,184,273,138,1
1,1,225,232,186,49,1
1,1,79,100,173,29,173,225,1
1,1,120,21,141,202,200,185,79,1
1,1,284,205,73,82,135,137,76,1
1,1,120,109,204,42,1
1,1,79,185,141,229,141,120,1
1,1,120,164,41,122,1
1,1,138,174,224,240,121,1
1,1,120,169,90,223,68,106,76,1
1,1,284,134,295,161,106,38,166,76,1
1,1,49,220,218,104,209,210,1
1,1,284,44,42,195,109,120,1
1,1,120,124,219,181,277,73,280,1
1,1,120,164,232,148,292,161,72,161,297,149,1
1,1,138,211,149,240,15,129,94,122,1
1,1,79,100,261,221,141,120,1
1,1,222,1
1,1,120,164,232,148,298,9,159,254,174,138,1
1,1,122,94,122,1
1,1,76,129,286,174,138,1
1,1,76,166,194,4,138,1
1,1,215,198,221,119,211,138,1
1,1,120,250,233,150,117,1
1,1,138,125,76,238,34,68,289,33,1
1,1,187,262,167,1
1,1,138,118,172,118,138,1
1,1,49,220,218,104,209,231,128,231,209,210,1
1,1,120,23,44,42,1
1,1,5,292,238,13,1
1,1,57,145,93,85,243,62,111,225,1
1,1,79,100,192,103,120,1
1,1,120,140,258,120,1
1,1,120,164,41,213,68,289,193,289,138,1
1,1,49,182,186,49,1
1,1,120,26,170,177,247,138,1
1,1,138,174,224,174,138,1
1,1,120,258,197,5,1
1,1,120,112,285,66,143,133,237,276,76,1
1,1,268,238,76,1
1,1,76,165,20,127,132,166,76,1
1,1,120,250,214,250,120,1
1,1,138,125,291,125,138,1
1,1,280,37,44,42,1
1,1,120,115,24,88,100,79,1
1,1,120,115,24,88,16,202,141,120,1
1,1,79,150,51,111,183,48,1
1,1,120,250,6,250,120,1
1,1,120,109,181,87,5,1
1,1,57,74,57,87,35,210,1
1,1,155,1
1,1,120,112,264,8,264,112,120,1
1,1,120,164,9,102,95,211,138,1
1,1,120,164,9,102,9,164,120,1
1,1,79,226,293,155,1
1,1,79,226,293,155,1
1,1,5,252,140,61,140,120,1
1,1,120,164,131,220,218,11,1
1,1,167,51,167,152,79,1
1,1,296,1
1,1,187,10,42,186,210,1
1,1,57,97,57,1
1,1,79,100,261,29,248,29,279,78,123,99,123,211,138,1
1,1,120,258,197,116,280,14,211,138,1
1,1,79,198,221,119,162,211,138,1
1,1,284,205,73,171,27,1
1,1,215,260,215,141,120,1
1,1,223,68,106,38,55,137,76,1
1,1,5,252,50,252,140,7,73,280,1
1,1,5,252,50,31,50,252,5,1
1,1,138,174,224,59,43,92,270,166,76,1
1,1,138,211,259,211,138,1
1,1,210,108,210,1
1,1,49,249,189,227,189,1
1,1,138,174,139,43,170,38,52,38,166,76,1
1,1,138,174,139,147,96,211,138,1
1,1,120,109,75,184,49,32,223,1
1,1,179,249,126,69,210,1
1,1,235,62,95,78,47,288,165,76,1
1,1,256,272,221,119,98,1
1,1,138,83,203,100,79,1
1,1,85,157,173,225,1
1,1,120,163,84,42,1
1,1,158,144,206,191,35,210,1
1,1,79,100,261,272,117,107,98,1
1,1,138,211,30,78,83,138,1
1,1,223,66,143,210,1
1,1,138,287,30,12,40,211,138,1
1,1,238,190,175,64,218,220,49,1
1,1,120,258,19,66,227,189,1
1,1,138,289,137,76,1
1,1,280,70,84,17,37,44,42,1
1,1,120,217,80,283,120,1
1,1,138,125,101,168,69,25,69,210,1
1,1,235,243,235,1
1,1,76,166,47,166,76,1
1,1,113,207,227,130,56,207,209,210,1
1,1,201,2,253,89,130,56,207,209,210,1
1,1,138,211,123,211,138,1
1,1,12,253,25,69,210,1
1,1,138,211,149,170,149,1
1,1,122,121,36,224,174,138,1
1,1,49,220,218,53,84,42,1
1,1,5,265,5,1
1,1,138,247,138,1
1,1,223,64,175,246,160,218,220,49,1
1,1,120,124,114,84,42,1
1,1,76,166,136,166,76,1
1,1,76,269,76,1
1,1,296,28,296,1
1,1,296,28,178,125,138,1
1,1,210,143,133,143,210,1
1,1,138,174,281,174,138,1
1,1,120,141,202,93,216,210,1
1,1,122,81,78,67,78,83,138,1
1,1,122,121,92,121,1
1,1,13,241,13,1
1,1,79,226,274,5,1
1,1,33,168,33,1
1,1,120,109,176,179,71,239,180,113,1
1,1,179,71,290,218,220,49,1
1,1,45,228,86,218,220,49,1
1,1,49,220,218,206,11,126,69,210,1
1,1,223,32,242,64,175,40,251,164,120,1
1,1,98,199,183,111,225,1
1,1,138,174,254,234,98,1
1,1,79,226,293,46,198,79,1
1,1,210,246,210,1
1,1,210,209,56,207,209,210,1
1,1,76,137,300,76,1
1,1,76,137,267,38,278,142,101,125,138,1
1,1,275,65,282,236,138,1
1,1,122,194,257,291,125,138,1
1,1,85,245,46,146,296,1
1,1,76,166,132,271,60,154,211,138,1
1,1,76,166,132,271,132,166,76,1
1,1,110,1
1,1,138,236,138,1
1,1,76,137,267,60,271,132,166,76,1
1,1,210,209,207,209,210,1
1,1,57,97,80,97,57,1
1,1,11,156,276,237,220,49,1
1,1,49,220,218,86,3,269,76,1
1,1,76,188,255,135,82,76,1
1,1,113,180,239,180,113,1
1,1,296,255,296,1
1,1,76,165,38,278,38,166,76,1
1,1,49,220,218,104,218,220,49,1
1,1,275,65,120,1
1,1,76,166,294,166,76,1
1,1,110,299,110,1
1,1,13,58,13,1
1,1,210,246,208,246,210,1
1,1,49,91,49,1
1,1,223,32,105,77,210,1
1,1,296,230,132,271,60,20,60,271,132,166,76,1
1,1,76,137,267,196,55,137,76,1
1,1,210,209,231,209,210,1
1,1,138,247,151,201,1
1,1,210,69,126,18,126,69,210,1
1,1,76,166,132,271,244,136,166,76,1
1,1,210,263,189,1
2,1,120,5,164,284,44,42,186,42,44,212,44,42,1
2,1,120,164,22,164,138,211,149,30,287,94,286,201,250,10,250,120,1
2,1,79,185,248,198,221,272,256,202,141,120,1
2,1,120,112,264,124,140,258,214,74,57,167,51,111,183,48,245,85,198,173,96,292,273,218,86,218,220,49,1
2,1,120,21,141,120,1
2,1,138,211,41,164,120,1
2,1,284,205,204,42,186,68,106,76,1
2,1,284,205,73,280,1
2,1,120,164,153,295,141,202,256,272,117,1
2,1,187,262,204,109,205,280,184,120,1
2,1,280,184,124,44,286,174,138,1
2,1,79,100,200,51,107,98,1
2,1,120,169,175,11,1
2,1,120,141,185,141,202,256,202,141,120,1
2,1,284,134,250,6,223,276,76,1
2,1,225,261,221,141,229,141,120,1
2,1,138,174,161,118,172,210,17,37,44,42,1
2,1,49,186,118,172,118,138,1
2,1,120,164,232,148,218,220,49,1
2,1,122,121,240,279,289,138,1
2,1,79,100,39,100,21,150,79,1
2,1,120,141,202,141,106,253,25,69,210,1
2,1,215,141,120,1
2,1,120,140,120,1
2,1,122,129,94,122,1
2,1,5,292,5,1
2,1,120,23,44,42,1
2,1,225,203,100,79,1
2,1,120,169,161,292,5,1
2,1,284,44,42,186,182,186,49,1
2,1,223,66,223,1
2,1,138,125,76,166,12,275,65,282,236,138,1
2,1,57,214,80,31,50,252,5,1
2,1,79,100,192,50,252,5,1
2,1,138,83,127,20,60,271,132,166,76,1
2,1,120,164,232,148,298,13,242,32,223,1
2,1,138,90,186,35,191,35,210,1
2,1,120,164,41,213,41,164,120,1
2,1,138,211,149,240,41,164,120,1
2,1,120,164,131,220,49,1
2,1,120,109,75,109,120,1
2,1,76,166,76,238,268,238,76,1
2,1,222,181,171,87,181,222,91,49,1
2,1,120,115,295,124,37,44,42,1
2,1,33,1
2,1,120,112,285,112,120,1
2,1,120,26,111,62,111,225,1
2,1,49,220,218,206,218,220,49,1
2,1,158,1
2,1,280,184,144,184,120,1
2,1,238,72,118,138,1
2,1,120,109,195,233,120,1
2,1,79,100,261,29,248,51,167,1
2,1,225,173,157,173,225,1
2,1,120,109,181,222,66,35,210,1
2,1,210,143,63,289,68,223,1
2,1,5,252,140,61,140,120,1
2,1,120,163,7,71,44,42,1
2,1,79,226,293,155,1
2,1,120,258,197,171,84,56,207,209,210,1
2,1,120,217,120,1
2,1,76,165,81,297,149,1
2,1,138,211,149,240,15,41,164,120,1
2,1,225,111,225,1
2,1,138,273,239,180,113,1
2,1,238,190,238,76,1
2,1,120,141,202,93,200,185,79,1
2,1,138,211,30,297,149,1
2,1,138,125,291,257,194,67,78,83,138,1
2,1,120,115,24,115,272,98,1
2,1,12,166,76,1
2,1,223,64,218,220,49,1
2,1,280,70,280,1
2,1,155,1
2,1,138,174,254,226,293,46,293,155,1
2,1,138,174,254,159,254,174,138,1
2,1,210,143,133,114,84,42,1
2,1,210,143,133,143,210,1
2,1,138,211,14,211,138,1
2,1,76,137,76,1
2,1,296,1
2,1,120,163,7,73,280,1
2,1,235,95,254,83,40,211,138,1
2,1,235,243,235,1
2,1,79,198,9,28,137,76,1
2,1,138,125,101,136,244,136,166,76,1
2,1,138,211,119,34,267,125,138,1
2,1,138,289,63,143,45,1
2,1,179,276,207,209,210,1
2,1,120,258,19,181,222,77,210,1
2,1,76,165,38,166,76,1
2,1,120,109,176,109,120,1
2,1,215,260,215,141,120,1
2,1,138,174,224,59,199,98,1
2,1,120,164,9,152,79,1
2,1,238,34,286,287,94,122,1
2,1,223,32,242,108,210,1
2,1,138,174,139,43,59,224,174,138,1
2,1,284,205,266,179,176,277,73,280,1
2,1,79,226,274,5,1
2,1,13,58,13,1
2,1,13,237,220,49,1
2,1,120,258,197,116,84,69,210,1
2,1,138,211,123,99,82,76,1
2,1,223,64,175,289,138,1
2,1,49,249,49,1
2,1,138,247,138,1
2,1,284,205,73,219,71,207,216,210,1
2,1,138,83,78,83,138,1
2,1,120,103,229,16,202,141,120,1
2,1,79,100,88,283,120,1
2,1,113,209,210,1
2,1,138,174,224,59,43,170,281,174,138,1
2,1,138,211,259,139,94,89,130,56,207,209,210,1
2,1,76,166,294,166,76,1
2,1,33,168,33,1
2,1,122,121,36,227,189,1
2,1,138,4,132,271,60,271,132,166,76,1
2,1,138,4,177,247,138,1
2,1,138,287,257,194,122,1
2,1,284,44,42,84,42,1
2,1,122,81,99,123,211,138,1
2,1,11,156,11,1
2,1,76,269,76,1
2,1,210,69,25,69,210,1
2,1,76,166,47,166,76,1
2,1,76,166,136,166,76,1
2,1,138,211,149,170,4,132,166,76,1
2,1,122,194,122,1
2,1,120,164,9,102,95,162,211,138,1
2,1,79,226,293,234,98,1
2,1,57,97,80,97,57,1
2,1,120,112,264,8,10,145,120,1
2,1,138,174,139,147,96,211,138,1
2,1,76,137,267,196,55,137,76,1
2,1,27,1
2,1,113,180,113,1
2,1,49,220,218,53,143,133,246,210,1
2,1,210,209,128,231,209,210,1
2,1,296,146,296,1
2,1,5,265,5,1
2,1,122,121,92,257,275,2,138,1
2,1,210,246,208,246,210,1
2,1,48,1
2,1,210,263,189,1
2,1,225,111,183,111,225,1
2,1,12,54,12,166,76,1
2,1,296,255,296,1
2,1,122,81,270,166,76,1
2,1,110,1
2,1,296,230,296,1
2,1,76,165,251,165,76,1
2,1,49,220,218,290,17,160,218,220,49,1
2,1,275,65,120,1
2,1,76,137,300,108,278,142,101,125,138,1
2,1,189,1
2,1,13,241,126,69,210,1
2,1,49,220,218,104,207,299,110,289,138,1
2,1,76,188,76,1
2,1,76,165,38,278,38,166,76,1
2,1,76,166,132,127,132,166,76,1
2,1,223,32,105,32,223,1
2,1,76,137,55,196,3,269,76,1
2,1,296,28,178,28,60,271,132,166,76,1
2,1,138,236,138,1
2,1,76,165,38,52,38,166,76,1
2,1,76,165,288,154,211,138,1
2,1,210,209,231,209,210,1
2,1,210,69,126,18,263,193,289,138,1
2,1,49,220,218,86,228,114,84,42,1
2,1,138,247,151,247,138,1
2,1,189,227,130,56,207,209,210,1
2,1,76,137,135,137,76,1
3,1,120,5,205,280,37,66,35,216,210,1
3,1,120,164,22,164,284,134,103,120,1
3,1,138,174,232,240,41,164,120,1
3,1,79,100,79,1
3,1,284,164,153,164,120,1
3,1,138,211,9,98,155,1
3,1,120,112,264,112,120,1
3,1,187,250,140,252,233,120,1
3,1,284,134,212,87,73,280,162,211,138,1
3,1,120,21,150,51,167,1
3,1,284,205,280,184,49,220,218,66,223,1
3,1,120,141,21,150,79,1
3,1,120,109,266,205,5,1
3,1,79,185,200,93,200,185,79,1
3,1,225,261,29,111,51,200,74,57,1
3,1,120,164,41,213,165,76,156,11,1
3,1,120,169,44,23,206,218,220,49,1
3,1,284,134,295,134,250,10,250,120,1
3,1,284,205,73,205,204,205,32,242,32,223,1
3,1,49,220,131,278,108,210,1
3,1,120,124,44,42,1
3,1,122,129,122,94,224,174,138,1
3,1,79,100,39,233,252,265,5,1
3,1,187,262,204,42,1
3,1,138,118,182,207,104,218,220,49,1
3,1,138,83,126,69,210,1
3,1,120,250,10,24,115,120,1
3,1,85,1
3,1,120,141,202,256,95,254,36,224,174,138,1
3,1,284,44,42,84,42,1
3,1,138,211,149,174,232,148,298,148,22,164,120,1
3,1,223,182,33,182,32,223,1
3,1,49,186,210,1
3,1,122,94,95,211,138,1
3,1,138,211,96,59,199,98,1
3,1,5,292,148,90,280,1
3,1,120,164,232,148,298,9,98,199,201,296,255,296,1
3,1,138,125,291,125,138,1
3,1,215,203,100,79,1
3,1,57,214,258,19,258,120,1
3,1,79,100,192,202,200,233,252,116,109,120,1
3,1,76,166,287,94,122,1
3,1,138,118,172,238,268,64,18,126,69,210,1
3,1,222,181,219,124,44,42,1
3,1,120,115,24,88,202,41,271,244,136,166,76,1
3,1,120,26,198,173,225,1
3,1,120,23,143,133,114,84,42,1
3,1,238,76,289,63,289,138,1
3,1,238,34,172,118,138,1
3,1,138,211,30,149,1
3,1,138,273,138,1
3,1,79,100,261,29,248,185,79,1
3,1,138,211,149,240,15,41,164,120,1
3,1,225,173,48,183,111,225,1
3,1,76,106,76,1
3,1,120,109,75,252,285,42,190,52,38,166,76,1
3,1,120,109,195,171,181,222,91,49,1
3,1,120,169,161,129,121,1
3,1,284,205,212,140,252,50,8,264,112,120,1
3,1,120,258,197,116,285,112,120,1
3,1,120,258,197,5,1
3,1,238,190,1
3,1,138,118,72,118,269,76,1
3,1,167,51,272,281,174,138,1
3,1,120,163,70,280,1
3,1,158,124,184,47,166,76,1
3,1,12,166,76,1
3,1,138,211,30,297,149,1
3,1,138,289,138,1
3,1,16,202,141,120,1
3,1,122,81,297,149,1
3,1,13,1
3,1,138,174,224,59,224,174,138,1
3,1,223,64,175,289,68,223,1
3,1,223,64,175,289,138,1
3,1,235,62,226,293,155,1
3,1,122,129,286,201,2,138,1
3,1,79,100,261,221,48,245,85,1
3,1,229,16,117,1
3,1,280,184,144,7,71,11,105,32,223,1
3,1,138,174,139,92,123,211,138,1
3,1,138,279,78,83,138,1
3,1,138,211,119,139,92,247,138,1
3,1,120,140,61,217,215,274,5,1
3,1,179,71,44,42,1
3,1,210,143,113,1
3,1,5,252,50,252,17,37,44,42,1
3,1,79,226,293,46,293,155,1
3,1,76,137,135,82,99,123,211,138,1
3,1,138,174,254,174,138,1
3,1,49,249,49,1
3,1,210,35,191,35,210,1
3,1,138,211,14,168,105,207,209,210,1
3,1,225,111,62,111,225,1
3,1,122,121,92,149,1
3,1,57,97,80,283,120,1
3,1,57,97,80,97,57,1
3,1,210,108,210,1
3,1,275,122,1
3,1,120,164,9,102,9,164,120,1
3,1,138,211,259,211,138,1
3,1,210,143,133,143,210,1
3,1,138,4,138,1
3,1,138,125,101,269,20,60,271,132,166,76,1
3,1,120,217,17,290,218,220,49,1
3,1,76,166,136,166,76,1
3,1,49,220,218,53,84,42,1
3,1,235,243,235,65,282,236,138,1
3,1,120,164,153,152,177,247,138,1
3,1,76,166,132,166,76,1
3,1,13,237,25,69,210,1
3,1,13,237,276,76,1
3,1,210,209,207,209,210,1
3,1,138,174,254,159,36,121,14,58,13,1
3,1,296,154,211,138,1
3,1,113,180,113,1
3,1,49,220,218,86,218,220,49,1
3,1,296,40,12,1
3,1,189,1
3,1,189,227,189,1
3,1,110,289,138,1
3,1,76,137,267,38,166,76,1
3,1,76,137,267,196,55,137,76,1
3,1,76,166,142,101,125,138,1
3,1,120,109,176,277,168,33,1
3,1,120,250,6,285,252,176,277,73,280,1
3,1,201,2,136,300,76,1
3,1,138,174,139,43,170,149,1
3,1,225,173,157,59,224,147,96,211,138,1
3,1,122,67,162,65,275,122,1
3,1,11,156,241,13,1
3,1,98,107,240,236,138,1
3,1,215,260,45,1
3,1,138,174,254,234,268,246,210,1
3,1,120,145,87,17,104,56,207,209,210,1
3,1,296,28,2,136,110,77,210,1
3,1,210,69,126,18,3,269,76,1
3,1,210,69,25,253,25,69,210,1
3,1,49,220,218,160,218,220,49,1
3,1,189,227,130,56,207,209,210,1
3,1,210,209,231,209,210,1
3,1,110,299,110,289,138,1
3,1,76,137,55,137,76,1
3,1,210,209,89,130,56,207,209,210,1
3,1,210,263,189,1
3,1,296,230,296,1
3,1,138,247,151,201,1
3,1,5,252,50,31,204,42,288,165,76,1
3,1,122,194,122,1
3,1,296,28,178,125,138,1
3,1,76,166,132,271,132,166,76,1
3,1,138,287,257,287,138,1
3,1,76,137,267,60,271,132,166,76,1
3,1,113,180,239,180,113,1
3,1,48,1
3,1,76,188,76,1
3,1,76,166,294,271,251,164,120,1
3,1,210,209,128,231,209,210,1
3,1,49,220,218,86,228,114,84,42,1
3,1,296,146,296,1
3,1,138,289,193,289,138,1
3,1,210,246,208,246,210,1
3,1,122,81,270,83,138,1
3,1,76,166,132,127,60,271,237,276,27,1
3,1,12,54,136,300,82,76,1
