1,1,21,91,100,62,22,79,1
1,1,82,61,1
1,1,48,92,77,6,1
1,1,96,1
1,1,93,48,28,1
1,1,53,42,11,4,21,1
1,1,53,6,42,71,74,2,91,1
1,1,87,26,66,65,91,1
1,1,44,70,85,28,1
1,1,2,74,71,81,71,74,91,1
1,1,100,72,100,1
1,1,28,12,13,43,100,1
1,1,53,42,80,62,39,37,79,1
1,1,18,1
1,1,100,72,84,72,100,1
1,1,82,95,3,100,1
1,1,82,32,88,54,39,18,1
1,1,53,92,77,50,96,1
1,1,2,74,31,34,10,64,29,14,28,1
1,1,82,45,36,88,49,91,1
1,1,2,74,66,74,91,1
1,1,2,74,67,66,74,91,1
1,1,82,55,82,1
1,1,13,94,1
1,1,82,36,16,63,14,28,1
1,1,82,36,41,36,82,1
1,1,82,95,7,95,82,1
1,1,18,39,62,47,82,1
1,1,68,1
1,1,68,52,95,82,1
1,1,44,9,44,1
1,1,2,74,5,74,91,1
1,1,69,1
1,1,82,36,88,7,41,78,56,36,82,1
1,1,2,33,57,97,82,1
1,1,2,33,16,33,2,1
1,1,91,24,91,1
1,1,2,74,66,30,66,74,91,1
1,1,28,14,28,1
1,1,28,14,59,14,28,1
1,1,53,83,53,1
1,1,53,78,58,73,45,82,1
1,1,28,14,10,84,72,100,1
1,1,13,90,13,1
1,1,82,97,57,97,82,1
1,1,82,36,25,36,82,1
1,1,91,24,20,24,91,1
1,1,96,58,96,1
1,1,79,51,79,1
1,1,28,14,64,14,28,1
1,1,82,89,76,74,91,1
1,1,82,89,17,89,82,1
1,1,2,74,76,8,76,74,91,1
1,1,96,58,75,58,96,1
1,1,82,19,82,1
1,1,82,99,82,1
1,1,15,1
1,1,68,56,86,56,68,1
1,1,2,74,60,74,2,1
1,1,38,1
1,1,2,33,16,46,16,33,2,1
1,1,68,98,97,82,1
1,1,27,1
1,1,82,36,37,40,37,36,82,1
1,1,28,14,35,23,74,91,1
2,1,21,82,53,92,7,41,78,41,36,82,1
2,1,48,61,93,100,91,1
2,1,61,71,67,20,24,91,1
2,1,44,87,28,1
2,1,87,100,95,82,1
2,1,53,6,4,21,1
2,1,53,42,39,18,1
2,1,82,11,95,82,1
2,1,96,42,32,18,1
2,1,2,33,74,91,1
2,1,87,70,28,67,66,74,91,1
2,1,2,74,77,50,80,47,82,1
2,1,26,59,14,28,1
2,1,28,12,31,74,91,1
2,1,82,36,82,1
2,1,100,72,13,46,31,74,91,1
2,1,100,72,84,72,100,1
2,1,13,1
2,1,53,6,77,50,62,18,1
2,1,53,6,77,50,96,1
2,1,82,36,88,19,82,1
2,1,82,36,41,36,82,1
2,1,53,83,18,1
2,1,91,65,94,89,82,1
2,1,68,94,76,8,76,74,91,1
2,1,68,52,99,49,91,1
2,1,2,74,66,5,74,91,1
2,1,2,74,66,30,66,74,91,1
2,1,2,81,71,74,91,1
2,1,82,45,73,45,82,1
2,1,28,85,43,29,14,28,1
2,1,2,74,60,74,91,1
2,1,2,33,16,35,14,28,1
2,1,44,9,16,3,100,1
2,1,82,55,57,97,82,1
2,1,96,58,75,58,96,1
2,1,69,25,36,82,1
2,1,28,14,38,1
2,1,28,14,64,14,28,1
2,1,68,56,37,40,37,36,82,1
2,1,2,74,76,74,91,1
2,1,15,1
2,1,100,43,100,1
2,1,82,36,37,36,82,1
2,1,28,14,10,23,74,91,1
2,1,18,39,54,69,97,82,1
2,1,91,24,98,41,36,82,1
2,1,79,17,89,82,1
2,1,2,74,31,34,90,13,1
2,1,27,63,14,28,1
2,1,82,89,22,51,79,1
2,1,82,99,82,1
2,1,68,56,86,56,68,1
3,1,21,82,53,6,53,91,100,12,31,46,38,1
3,1,48,61,100,33,74,91,1
3,1,93,61,44,1
3,1,91,96,1
3,1,2,74,33,16,1
3,1,87,70,72,13,1
3,1,53,42,92,77,6,1
3,1,26,100,95,11,50,80,58,75,58,96,1
3,1,82,11,95,82,1
3,1,21,4,21,1
3,1,100,72,84,72,100,1
3,1,28,12,31,16,23,74,91,1
3,1,28,12,31,71,74,91,1
3,1,82,32,7,41,36,82,1
3,1,53,92,62,39,18,1
3,1,18,36,82,1
3,1,82,45,80,19,82,1
3,1,53,6,77,50,62,69,1
3,1,18,62,83,18,1
3,1,82,36,88,7,41,78,41,36,82,1
3,1,53,6,77,50,80,89,17,49,91,1
3,1,53,6,47,82,1
3,1,82,95,7,68,97,57,97,82,1
3,1,68,56,36,82,1
3,1,68,52,95,82,1
3,1,28,14,28,1
3,1,94,1
3,1,91,24,91,1
3,1,82,97,82,1
3,1,2,74,66,67,39,73,45,82,1
3,1,44,9,85,10,84,72,100,1
3,1,100,3,46,31,74,91,1
3,1,82,55,65,91,1
3,1,96,58,54,39,18,1
3,1,2,81,5,60,74,91,1
3,1,2,74,66,30,76,74,91,1
3,1,2,74,5,89,82,1
3,1,82,36,37,25,36,82,1
3,1,82,36,37,40,37,36,82,1
3,1,28,14,35,14,28,1
3,1,82,89,22,79,1
3,1,82,99,82,1
3,1,68,98,41,36,82,1
3,1,28,14,29,14,28,1
3,1,28,14,64,14,28,1
3,1,100,43,59,14,28,1
3,1,79,89,34,31,74,91,1
3,1,79,51,79,1
3,1,2,74,76,8,76,74,91,1
3,1,27,1
3,1,91,24,20,17,51,86,56,36,82,1
3,1,15,27,63,14,28,1
3,1,13,90,13,1
3,1,82,89,17,89,82,1
