1,1,47,26,1,28,20,33,49,35,23,43,1
1,1,31,45,28,1
1,1,47,46,10,1
1,1,31,2,15,1
1,1,26,44,26,1
1,1,42,39,23,10,1
1,1,45,9,27,40,49,2,31,1
1,1,47,46,24,38,24,1
1,1,12,25,18,8,36,50,39,1
1,1,47,36,31,1
1,1,29,32,21,10,1
1,1,31,27,7,20,1
1,1,32,1
1,1,31,40,37,34,49,2,31,1
1,1,12,4,12,1
1,1,47,14,40,31,1
1,1,47,38,3,32,30,50,39,1
1,1,29,22,41,29,1
1,1,32,19,8,41,29,1
1,1,17,5,1
1,1,31,13,31,1
1,1,47,11,8,29,1
1,1,47,16,31,1
1,1,47,14,48,14,40,31,1
1,1,12,6,12,1
2,1,47,31,28,42,50,36,31,1
2,1,26,1
2,1,47,46,39,1
2,1,42,45,28,1
2,1,10,21,10,1
2,1,47,43,19,32,1
2,1,47,15,2,40,31,1
2,1,31,2,27,30,50,39,1
2,1,26,44,26,1
2,1,45,9,12,1
2,1,31,2,49,33,42,1
2,1,47,46,24,38,50,39,1
2,1,20,37,4,7,20,1
2,1,10,23,19,32,1
2,1,29,8,29,1
2,1,29,41,29,1
2,1,31,40,18,40,31,1
2,1,31,35,17,1
2,1,47,38,3,5,1
2,1,12,25,4,7,13,31,1
2,1,29,22,41,29,1
2,1,47,14,34,11,8,29,1
2,1,47,16,31,1
2,1,12,6,12,1
2,1,47,14,48,14,40,31,1
2,1,47,34,39,1
3,1,47,26,1,28,45,9,12,1
3,1,31,2,36,8,29,1
3,1,47,46,10,1
3,1,42,23,10,1
3,1,47,15,1
3,1,45,20,37,49,2,31,1
3,1,39,10,43,1
3,1,47,46,24,23,50,39,1
3,1,31,27,7,20,1
3,1,31,40,18,40,31,1
3,1,26,44,25,12,1
3,1,47,38,21,3,32,36,31,1
3,1,42,33,30,50,39,1
3,1,29,17,22,41,29,1
3,1,32,30,11,8,29,1
3,1,32,19,16,31,1
3,1,31,35,14,40,31,1
3,1,12,4,7,13,31,1
3,1,29,41,17,6,12,1
3,1,5,1
3,1,47,34,49,2,31,1
3,1,47,14,48,14,40,31,1
