1,1,58,12,50,65,52,67,86,75,13,2,1
1,1,39,99,65,1
1,1,55,1
1,1,39,99,10,62,8,1
1,1,65,50,65,1,15,1
1,1,31,37,85,37,31,1
1,1,2,13,5,19,5,13,2,1
1,1,81,13,75,72,84,61,2,1
1,1,2,52,22,25,22,31,1
1,1,55,53,88,2,44,2,1
1,1,15,9,85,10,61,2,1
1,1,2,13,2,1
1,1,65,3,52,24,1
1,1,65,3,27,3,65,1
1,1,65,14,88,73,35,58,1
1,1,70,1
1,1,65,50,83,80,68,98,97,65,1
1,1,8,47,1
1,1,65,50,83,56,83,81,41,60,41,55,1
1,1,2,13,5,10,84,78,84,61,2,1
1,1,2,13,5,10,92,1
1,1,46,60,54,87,43,55,1
1,1,31,91,67,20,49,72,79,86,75,13,2,1
1,1,65,97,98,68,94,68,46,1
1,1,39,99,30,91,6,2,1
1,1,55,43,87,23,68,73,1
1,1,12,59,12,50,66,75,13,2,1
1,1,55,43,87,43,68,33,65,1
1,1,2,13,11,93,72,84,61,2,1
1,1,65,14,38,44,18,44,2,1
1,1,8,40,8,1
1,1,46,68,73,63,73,1
1,1,55,41,31,76,2,1
1,1,2,61,84,45,77,45,92,1
1,1,2,100,2,1
1,1,2,13,75,13,2,1
1,1,31,91,29,91,31,1
1,1,49,72,93,16,1
1,1,2,13,90,100,82,4,16,1
1,1,2,13,11,51,11,13,2,1
1,1,58,96,93,16,17,71,92,1
1,1,31,22,25,84,36,34,22,31,1
1,1,2,100,82,100,2,1
1,1,55,95,55,1
1,1,12,26,12,1
1,1,55,41,42,41,55,1
1,1,2,13,75,86,79,74,79,86,75,13,2,1
1,1,65,7,65,1
1,1,32,7,23,69,46,1
1,1,12,26,48,26,12,50,16,4,64,4,16,1
1,1,92,71,92,1
1,1,92,45,4,21,25,22,31,1
1,1,16,4,89,4,16,1
1,1,49,57,49,1
1,1,2,76,28,76,2,1
2,1,58,12,50,65,55,30,99,39,1
2,1,65,99,68,23,68,52,2,1
2,1,39,70,96,72,84,61,2,1
2,1,65,14,81,1
2,1,65,50,65,3,27,51,11,13,2,1
2,1,15,2,88,2,52,24,1
2,1,65,50,83,54,87,43,55,1
2,1,31,37,91,67,52,65,46,1
2,1,15,9,88,8,1
2,1,65,50,83,56,83,81,41,60,48,26,12,1
2,1,55,53,41,60,2,6,84,25,75,13,2,1
2,1,31,91,67,20,31,1
2,1,65,97,98,38,14,65,1
2,1,31,37,85,10,5,13,2,1
2,1,65,50,83,80,83,50,65,1
2,1,65,3,27,40,8,1
2,1,2,13,5,13,2,1
2,1,65,97,98,97,65,1
2,1,2,13,11,13,2,1
2,1,46,68,46,1
2,1,2,13,5,10,61,2,1
2,1,55,43,68,94,68,46,1
2,1,55,43,87,43,55,1
2,1,47,1
2,1,49,58,1
2,1,12,59,43,42,41,55,1
2,1,70,5,19,5,13,2,1
2,1,92,78,84,61,2,1
2,1,31,22,25,73,1
2,1,2,61,84,61,2,1
2,1,2,100,2,1
2,1,2,13,90,100,82,100,2,1
2,1,65,7,65,1
2,1,32,1
2,1,65,33,23,7,32,95,55,1
2,1,2,13,11,36,93,63,73,1
2,1,31,91,29,17,71,92,1
2,1,92,45,92,1
2,1,12,26,11,51,21,25,22,31,1
2,1,2,13,75,86,79,86,75,13,2,1
2,1,2,13,66,93,57,61,2,1
2,1,8,62,89,4,16,1
2,1,2,44,2,1
2,1,2,13,75,86,79,74,79,86,75,13,2,1
2,1,2,44,18,35,58,1
2,1,2,76,2,1
2,1,46,69,84,72,93,72,84,61,2,1
2,1,92,71,4,16,1
2,1,16,34,22,31,1
2,1,92,45,77,28,76,35,64,4,16,1
2,1,2,76,28,76,2,1
3,1,58,12,50,65,97,98,15,1
3,1,65,99,39,56,83,50,65,1
3,1,39,85,67,82,100,2,1
3,1,55,41,60,41,55,1
3,1,65,50,83,43,55,88,36,11,13,2,1
3,1,2,88,8,1
3,1,65,14,81,83,50,65,1
3,1,31,2,52,22,25,22,31,1
3,1,31,37,91,19,78,29,91,31,1
3,1,24,10,5,13,2,1
3,1,81,83,80,83,50,65,1
3,1,46,68,94,68,43,87,43,55,1
3,1,65,3,27,30,91,70,1
3,1,15,9,85,67,20,47,79,86,75,13,2,1
3,1,2,13,11,93,72,84,61,2,1
3,1,2,13,5,10,5,13,2,1
3,1,12,59,12,1
3,1,65,3,27,47,25,73,1
3,1,65,14,38,44,2,1
3,1,55,53,54,82,51,45,92,1
3,1,31,91,6,74,35,58,1
3,1,58,96,58,1
3,1,49,58,1
3,1,92,1
3,1,31,20,10,84,61,2,1
3,1,2,13,90,13,2,1
3,1,55,41,55,65,34,22,31,1
3,1,65,33,65,1
3,1,2,13,75,13,2,1
3,1,39,99,30,40,22,31,1
3,1,12,26,12,1
3,1,2,61,90,100,2,1
3,1,2,61,84,78,82,51,21,25,22,31,1
3,1,46,68,98,97,65,1
3,1,8,40,90,100,82,51,11,13,2,1
3,1,55,95,55,1
3,1,2,13,75,86,63,73,1
3,1,49,72,62,21,76,2,1
3,1,65,7,65,1
3,1,2,13,75,86,79,74,79,86,75,13,2,1
3,1,2,13,66,93,16,1
3,1,16,4,16,1
3,1,32,41,42,41,55,1
3,1,55,41,23,69,46,1
3,1,12,26,48,97,18,44,2,1
3,1,92,71,17,71,92,1
3,1,49,57,49,1
3,1,92,45,77,45,92,1
3,1,16,4,89,4,16,1
3,1,16,4,64,4,16,1
3,1,2,76,28,76,2,1
