1,1,18,22,10,1
1,1,17,20,17,1
1,1,30,4,30,1
1,1,11,1
1,1,23,9,25,19,1
1,1,5,2,1
1,1,17,21,10,1
1,1,29,1
1,1,30,26,9,30,1
1,1,7,13,1
1,1,29,16,29,24,1
1,1,17,28,17,1
1,1,13,8,13,1
1,1,2,14,2,1
1,1,30,4,6,4,30,1
1,1,27,29,3,29,1
1,1,12,1
1,1,30,15,30,1
2,1,30,15,30,4,6,4,30,1
2,1,7,25,26,16,29,1
2,1,2,1
2,1,19,8,13,1
2,1,10,22,10,1
2,1,29,21,10,1
2,1,13,1
2,1,29,3,29,1
2,1,12,5,1
2,1,17,28,17,1
2,1,17,27,17,9,13,1
2,1,24,1
2,1,17,20,17,1
2,1,30,4,30,1
2,1,17,23,24,1
2,1,2,14,2,1
2,1,18,1
2,1,11,1
3,1,30,1
3,1,26,27,29,1
3,1,7,13,1
3,1,30,4,30,1
3,1,30,28,15,30,1
3,1,30,4,6,4,30,1
3,1,5,2,1
3,1,19,7,13,1
3,1,16,11,25,30,1
3,1,29,3,29,1
3,1,18,8,13,1
3,1,2,14,2,1
3,1,10,22,10,1
3,1,24,1
3,1,9,17,1
3,1,17,20,17,23,10,17,1
3,1,17,21,12,17,1
