1,1,47,15,47,1
1,1,31,2,31,1
1,1,31,13,31,1
1,1,29,1
1,1,17,1
1,1,12,25,12,1
1,1,31,40,18,40,31,1
1,1,29,22,41,29,1
1,1,47,34,17,33,47,1
1,1,20,1
1,1,12,4,12,1
1,1,47,38,3,1
1,1,47,43,47,1
1,1,26,1
1,1,47,16,31,1
1,1,29,41,11,8,29,1
1,1,47,14,40,31,1
1,1,42,47,1
1,1,47,36,31,1
1,1,45,9,45,28,1
1,1,5,1
1,1,47,46,10,1
1,1,31,40,37,40,31,1
1,1,31,27,31,30,50,39,1
1,1,31,27,7,20,1
1,1,31,6,35,31,1
1,1,47,14,48,14,40,31,1
1,1,47,38,21,38,47,1
1,1,31,2,49,2,31,1
1,1,32,1
1,1,26,44,26,1
1,1,10,23,10,1
1,1,47,11,8,29,1
1,1,47,46,24,1
1,1,32,19,32,1
2,1,31,3,17,13,31,1
2,1,10,1
2,1,12,4,12,26,1
2,1,39,50,30,50,39,1
2,1,5,1
2,1,47,26,1
2,1,47,14,40,31,1
2,1,29,1
2,1,47,43,1
2,1,10,23,10,1
2,1,31,35,31,1
2,1,29,41,29,1
2,1,45,41,2,28,1
2,1,26,1
2,1,47,16,31,1
2,1,47,34,21,15,39,1
2,1,47,15,1
2,1,47,14,48,14,40,31,1
2,1,10,31,40,18,40,31,1
2,1,31,11,17,40,37,40,31,1
2,1,31,12,2,49,2,31,1
2,1,47,46,47,1
2,1,12,6,12,1
2,1,26,44,26,1
2,1,47,36,8,36,47,1
2,1,47,38,24,8,29,1
2,1,31,27,20,1
2,1,12,39,20,25,12,1
2,1,4,29,32,19,32,1
2,1,29,22,41,29,1
2,1,45,9,45,28,1
2,1,42,33,47,1
2,1,31,27,7,27,31,1
3,1,47,38,24,1
3,1,29,47,26,44,26,1
3,1,43,39,1
3,1,31,35,31,1
3,1,45,9,45,47,1
3,1,39,50,30,50,21,15,39,1
3,1,47,14,47,1
3,1,47,14,48,14,40,31,1
3,1,31,2,49,2,31,34,47,1
3,1,43,42,1
3,1,12,4,12,11,8,29,1
3,1,47,15,1
3,1,47,34,49,2,31,1
3,1,47,46,24,1
3,1,47,36,47,19,32,1
3,1,47,38,3,38,47,1
3,1,31,27,20,1
3,1,12,25,12,1
3,1,28,1
3,1,29,22,41,29,1
3,1,10,23,10,1
3,1,32,47,32,19,32,1
3,1,31,27,48,13,7,27,31,1
3,1,31,40,18,40,31,1
3,1,26,1
3,1,12,6,12,35,31,1
3,1,31,17,40,37,40,31,1
3,1,42,33,42,20,1
3,1,5,1
3,1,47,33,16,47,1
