1,1,7,17,1
1,1,16,3,19,1
1,1,4,11,24,1
1,1,22,14,17,1
1,1,2,11,24,1
1,1,3,5,18,24,1
1,1,21,24,1
1,1,15,9,8,20,30,24,1
1,1,20,26,8,1
1,1,14,25,1
1,1,6,1
1,1,26,8,1
1,1,27,1
1,1,29,1
1,1,10,8,1
1,1,3,12,24,30,23,1
1,1,10,28,10,1
1,1,14,13,23,1
1,1,16,9,24,1
2,1,20,26,8,1
2,1,15,9,24,1
2,1,14,17,1
2,1,21,24,18,24,1
2,1,2,11,28,24,1
2,1,22,26,30,20,26,8,17,1
2,1,23,13,23,1
2,1,13,27,1
2,1,10,28,10,1
2,1,6,25,7,17,1
2,1,3,23,18,19,1
2,1,12,24,29,1
2,1,30,1
2,1,4,11,24,1
2,1,26,8,1
2,1,16,1
2,1,3,5,18,24,1
3,1,21,24,1
3,1,26,8,1
3,1,22,17,1
3,1,14,17,21,24,1
3,1,16,4,11,24,1
3,1,30,1
3,1,3,19,1
3,1,2,11,21,24,30,6,29,24,1
3,1,27,1
3,1,18,5,18,24,11,24,1
3,1,3,8,12,24,1
3,1,10,28,10,1
3,1,20,26,8,1
3,1,7,17,1
3,1,14,13,23,1
3,1,4,9,24,1
3,1,15,9,24,1
3,1,14,25,1
