1,1,8,62,8,1
1,1,65,14,65,1
1,1,55,1
1,1,15,1
1,1,58,1
1,1,31,37,85,37,31,1
1,1,65,3,65,1
1,1,2,44,2,1
1,1,12,1
1,1,39,1
1,1,49,58,1
1,1,58,1,39,99,39,1
1,1,49,72,93,72,49,1
1,1,92,45,92,1
1,1,2,17,72,84,61,84,78,84,61,2,1
1,1,49,57,49,1
1,1,55,53,55,1
1,1,65,14,38,14,65,1
1,1,31,22,25,22,31,1
1,1,65,33,65,1
1,1,70,1
1,1,2,100,2,1
1,1,81,41,55,1
1,1,16,4,64,4,16,1
1,1,12,26,12,1
1,1,32,31,1
1,1,58,35,58,74,79,86,75,13,2,1
1,1,16,4,89,4,16,1
1,1,55,43,50,65,55,1
1,1,46,1
1,1,31,91,71,37,31,1
1,1,73,63,73,1
1,1,65,97,98,97,65,1
1,1,55,43,87,43,55,1
1,1,39,1,58,96,58,1
1,1,2,13,2,1
1,1,2,19,75,51,21,76,2,1
1,1,55,43,87,54,87,43,42,41,55,1
1,1,46,68,46,1
1,1,65,50,65,1
1,1,47,24,1
1,1,2,88,2,1
1,1,2,10,61,44,18,44,2,1
1,1,39,99,30,99,39,1
1,1,2,13,75,86,79,86,75,13,2,1
1,1,92,91,92,71,92,1
1,1,12,59,12,1
1,1,65,3,27,3,65,1
1,1,15,77,45,51,9,15,1
1,1,2,13,11,13,2,1
1,1,31,22,34,22,31,1
1,1,46,69,46,1
1,1,31,53,20,31,1
1,1,2,61,84,61,2,1
1,1,8,40,8,1
1,1,46,68,94,68,46,1
1,1,65,7,65,1
1,1,2,52,2,1
1,1,2,13,90,13,2,1
1,1,12,26,48,26,12,1
1,1,55,95,55,1
1,1,2,100,82,100,2,1
1,1,55,71,37,31,41,55,1
1,1,55,41,60,41,55,1
1,1,31,91,29,91,31,1
1,1,2,66,13,5,10,5,13,2,1
1,1,6,2,13,11,36,11,13,2,1
1,1,55,41,13,99,42,41,55,1
1,1,65,50,83,80,83,50,65,1
1,1,2,13,11,51,11,13,2,1
1,1,55,41,23,41,55,1
1,1,65,50,83,56,83,50,65,1
1,1,2,76,28,76,2,1
1,1,67,1
2,1,49,58,1
2,1,16,1
2,1,49,72,21,72,49,1
2,1,15,1
2,1,55,95,55,1
2,1,24,1
2,1,2,6,2,1
2,1,8,62,8,1
2,1,92,71,17,71,92,1
2,1,73,63,73,1
2,1,46,69,46,1
2,1,55,43,55,1
2,1,65,1
2,1,65,3,65,1
2,1,31,29,91,31,1
2,1,92,45,92,1
2,1,2,52,2,1
2,1,46,68,46,1
2,1,12,26,48,26,12,1
2,1,2,13,90,13,2,1
2,1,2,61,42,41,55,1,2,1
2,1,2,76,2,1
2,1,92,71,92,1
2,1,81,1
2,1,70,1
2,1,31,22,34,22,31,1
2,1,46,68,94,68,46,1
2,1,2,100,2,1
2,1,39,99,39,1
2,1,65,14,38,14,65,1
2,1,58,35,58,1
2,1,31,37,31,1
2,1,67,1
2,1,2,13,5,13,2,1
2,1,49,57,49,1
2,1,55,41,60,41,55,1
2,1,58,96,58,1
2,1,2,13,11,51,11,13,2,1
2,1,47,1
2,1,65,97,65,1
2,1,15,9,15,1
2,1,65,33,65,1
2,1,65,50,65,1
2,1,65,7,65,1
2,1,32,1
2,1,16,4,89,4,16,1
2,1,8,40,8,1
2,1,55,43,87,54,87,43,55,1
2,1,2,13,66,75,13,2,1
2,1,2,13,75,86,79,86,75,13,2,1
2,1,2,61,84,61,2,1
2,1,2,76,28,76,2,1
2,1,31,20,31,1
2,1,55,53,55,1
2,1,2,88,2,1
2,1,31,91,29,91,31,1
2,1,31,37,85,37,31,1
2,1,2,44,2,1
2,1,2,100,82,100,2,1
2,1,55,41,23,41,55,1
2,1,39,99,30,99,39,1
2,1,16,4,64,4,16,1
2,1,31,22,25,22,19,91,31,26,12,1
2,1,2,44,18,44,2,1
2,1,2,13,75,86,79,74,79,86,75,13,2,1
2,1,65,50,83,50,65,1
2,1,65,97,98,97,65,1
2,1,12,59,12,1
2,1,2,13,5,10,5,13,2,1
2,1,2,13,11,36,11,13,2,1
2,1,2,61,84,78,84,61,2,1
2,1,92,45,77,45,92,1
2,1,65,50,83,56,83,50,65,1
2,1,65,50,83,80,83,50,65,1
2,1,65,3,27,3,65,1
2,1,49,72,93,72,49,38,14,65,1
3,1,2,1
3,1,81,1
3,1,39,1
3,1,2,44,18,44,2,1
3,1,8,16,56,83,50,65,1
3,1,92,1
3,1,2,72,75,25,100,82,100,2,1
3,1,67,1
3,1,46,1
3,1,2,13,11,36,11,13,2,1
3,1,24,1
3,1,2,13,11,51,11,13,2,48,26,12,1
3,1,12,26,12,1
3,1,2,76,2,1
3,1,65,1
3,1,31,1
3,1,70,1
3,1,55,41,60,41,55,1
3,1,73,63,73,35,58,1
3,1,2,52,2,1
3,1,31,91,29,91,31,1
3,1,65,14,65,1
3,1,65,97,98,97,65,1
3,1,49,58,1
3,1,16,4,16,1
3,1,2,61,84,61,2,1
3,1,12,59,12,1
3,1,15,9,15,1
3,1,47,1
3,1,39,99,30,99,39,1
3,1,2,61,84,78,84,61,2,1
3,1,65,50,65,1
3,1,55,41,55,1
3,1,31,20,31,1
3,1,49,57,49,1
3,1,65,3,65,1
3,1,65,33,65,1
3,1,31,22,19,5,10,91,31,1
3,1,32,1
3,1,2,76,28,76,2,1
3,1,58,1
3,1,65,3,27,3,65,1
3,1,16,4,89,4,16,1
3,1,16,4,64,4,16,1
3,1,92,45,92,1
3,1,55,95,55,1
3,1,46,69,46,1
3,1,2,13,75,13,2,1
3,1,2,13,5,10,5,13,2,1
3,1,46,68,94,68,46,1
3,1,31,37,85,37,31,1
3,1,2,6,2,1
3,1,2,13,66,75,13,2,1
3,1,55,53,55,1
3,1,2,13,75,86,79,86,75,13,2,1
3,1,8,40,8,1
3,1,55,41,42,41,55,1
3,1,55,41,23,41,55,1
3,1,65,14,38,14,65,1
3,1,49,72,21,72,49,1
3,1,31,22,62,17,16,34,22,31,26,12,1
3,1,58,96,58,1
3,1,2,88,2,1
3,1,92,71,92,1
3,1,2,100,2,1
3,1,92,45,77,45,92,1
3,1,49,72,93,72,49,1
3,1,65,7,65,1
3,1,2,13,90,13,2,1
3,1,55,77,16,50,83,43,87,54,87,43,55,1
3,1,65,50,29,100,83,80,83,50,65,1
3,1,2,13,75,86,79,74,79,86,75,13,2,1
