1,1,27,149,152,299,152,149,27,1
1,1,70,1
1,1,277,112,277,1
1,1,17,1
1,1,11,1
1,1,42,227,1
1,1,198,59,163,19,163,59,198,1
1,1,182,76,292,76,182,1
1,1,189,1
1,1,44,57,142,57,44,1
1,1,198,117,217,117,198,1
1,1,17,88,107,258,17,1
1,1,48,144,250,168,153,1
1,1,198,252,54,252,198,1
1,1,37,214,125,214,37,1
1,1,100,79,40,1
1,1,11,121,11,1
1,1,11,122,11,1
1,1,136,155,136,1
1,1,73,1
1,1,40,1
1,1,139,1
1,1,27,175,27,1
1,1,14,269,14,1
1,1,212,1
1,1,27,268,22,247,22,268,1
1,1,189,82,105,82,189,204,295,171,81,1
1,1,11,256,11,1
1,1,27,97,12,132,12,97,27,1
1,1,83,1
1,1,268,22,261,168,52,22,268,1
1,1,198,273,198,1
1,1,268,22,113,22,268,1
1,1,271,174,271,1
1,1,268,22,276,22,268,1
1,1,245,1
1,1,198,219,198,1
1,1,44,289,36,289,44,1
1,1,245,192,245,1
1,1,16,1
1,1,277,116,281,9,60,1
1,1,16,20,16,1
1,1,245,192,205,192,245,1
1,1,44,57,44,1
1,1,81,286,143,55,120,55,143,286,81,1
1,1,271,87,271,1
1,1,245,160,231,80,9,187,160,245,1
1,1,232,1
1,1,81,40,124,148,126,148,166,148,126,81,1
1,1,44,45,44,229,168,1
1,1,27,97,226,97,27,1
1,1,27,296,27,243,94,189,1
1,1,44,119,239,254,239,119,44,1
1,1,127,221,127,1
1,1,34,141,34,1
1,1,83,6,260,6,83,1
1,1,60,231,60,1
1,1,189,82,291,82,189,1
1,1,37,165,65,165,37,1
1,1,37,209,259,1
1,1,81,126,135,126,81,1
1,1,259,281,11,27,97,208,97,27,1
1,1,81,286,146,286,81,1
1,1,14,180,14,1
1,1,182,76,26,178,26,76,182,1
1,1,182,68,182,1
1,1,241,169,241,1
1,1,198,59,238,59,198,1
1,1,198,59,102,257,102,59,198,1
1,1,83,24,161,173,83,1
1,1,127,221,162,221,127,1
1,1,98,242,98,1
1,1,245,138,1
1,1,182,76,274,76,182,1
1,1,27,149,66,149,27,1
1,1,127,221,162,224,162,221,127,1
1,1,60,53,60,1
1,1,189,46,189,1
1,1,245,192,156,192,245,1
1,1,98,242,131,242,98,1
1,1,18,1
1,1,60,280,60,1
1,1,81,171,81,1
1,1,34,235,186,235,34,1
1,1,11,71,11,183,16,1
1,1,264,187,117,81,286,81,1
1,1,81,286,4,297,4,286,81,1
1,1,245,114,245,1
1,1,212,58,212,1
1,1,11,256,106,256,11,1
1,1,27,149,152,272,152,149,27,1
1,1,189,94,189,1
1,1,212,233,212,1
1,1,27,70,85,149,137,152,149,27,1
1,1,189,270,1
1,1,27,97,284,97,27,1
1,1,37,199,37,1
1,1,27,149,49,149,27,102,59,198,1
1,1,109,1
1,1,17,88,75,88,17,1
1,1,16,41,234,16,1
1,1,27,211,27,1
1,1,27,200,27,1
1,1,44,289,36,207,36,289,44,1
1,1,42,147,256,188,42,1
1,1,27,149,49,89,49,149,27,1
1,1,81,286,13,286,95,282,6,286,81,1
1,1,81,286,143,21,143,286,81,1
1,1,136,129,265,129,136,1
1,1,81,286,143,108,287,108,143,286,81,1
1,1,81,286,143,55,143,286,81,1
1,1,27,149,137,64,176,182,1
1,1,37,165,65,51,65,165,37,1
1,1,259,47,259,1
1,1,245,192,250,192,245,1
1,1,127,228,127,1
1,1,18,103,18,1
1,1,81,171,128,171,81,1
1,1,128,203,78,232,144,63,144,232,1
1,1,104,29,203,255,171,81,1
1,1,81,25,81,1
1,1,81,126,278,126,81,1
1,1,198,252,150,252,198,1
1,1,245,160,197,160,245,1
1,1,37,244,37,1
1,1,182,54,99,59,76,182,1
1,1,168,208,136,129,136,1
1,1,245,28,251,28,245,1
1,1,81,286,146,253,146,286,81,1
1,1,136,236,136,1
1,1,81,171,295,204,295,171,81,1
1,1,37,214,125,167,125,214,37,1
1,1,27,248,249,27,1
1,1,198,273,294,273,96,3,74,273,198,1
1,1,11,122,86,122,11,1
1,1,81,25,38,25,81,1
1,1,182,92,237,92,182,1
1,1,81,171,255,171,81,1
1,1,245,160,110,160,245,1
1,1,268,164,268,56,31,81,1
1,1,259,216,259,1
1,1,60,118,60,1
1,1,218,1
1,1,27,149,137,64,137,149,27,1
1,1,27,149,137,123,137,149,27,1
1,1,127,191,4,67,127,1
1,1,190,30,190,1
1,1,195,263,266,172,59,198,1
1,1,93,198,1
1,1,98,242,33,242,98,1
1,1,81,42,270,220,78,81,1
1,1,14,282,14,1
1,1,27,149,137,64,194,64,137,149,27,1
1,1,27,149,91,115,91,149,27,1
1,1,27,196,27,1
1,1,40,179,40,1
1,1,18,50,18,1
1,1,271,107,158,107,271,1
1,1,293,165,37,17,157,17,1
1,1,101,210,101,1
1,1,37,32,37,240,259,1
1,1,268,22,276,90,276,22,268,1
1,1,198,263,198,1
1,1,83,285,83,1
1,1,222,64,137,149,27,111,27,1
1,1,298,23,239,119,44,1
1,1,245,192,2,133,5,192,245,1
1,1,37,246,213,246,37,1
1,1,245,151,245,1
1,1,198,59,43,149,27,1
1,1,232,133,232,1
1,1,81,72,81,1
1,1,27,97,31,74,12,97,27,1
1,1,84,1
1,1,62,192,200,27,1
1,1,44,119,140,119,44,1
1,1,81,171,181,171,81,1
1,1,27,149,152,272,159,272,152,149,27,1
1,1,271,170,138,1
1,1,249,77,222,279,98,1
1,1,44,206,134,206,44,1
1,1,37,214,125,8,125,214,37,1
1,1,40,223,40,1
1,1,198,69,156,59,163,59,198,1
1,1,271,15,271,1
1,1,245,154,202,154,245,1
1,1,81,286,258,177,258,286,81,1
1,1,14,230,14,184,271,1
1,1,42,10,78,85,70,61,42,1
1,1,14,269,225,269,14,1
1,1,16,44,300,16,1
1,1,18,103,283,103,18,1
1,1,168,185,168,1
1,1,27,149,49,89,39,89,49,149,27,1
1,1,288,269,7,241,268,22,268,1
1,1,245,160,197,193,197,160,245,1
1,1,27,149,145,97,149,27,1
1,1,81,126,148,166,262,166,148,126,81,1
1,1,27,81,201,130,201,81,1
1,1,27,149,152,275,152,149,27,1
1,1,189,46,267,46,189,1
1,1,245,290,35,249,35,28,245,1
1,1,81,11,122,17,96,215,81,1
2,1,17,88,17,1
2,1,241,1
2,1,198,160,16,1
2,1,44,57,7,57,44,1
2,1,81,286,143,55,143,286,81,1
2,1,44,119,140,119,44,1
2,1,107,271,122,11,121,11,1
2,1,83,1
2,1,18,103,283,103,18,1
2,1,16,20,16,1
2,1,254,36,182,1
2,1,189,82,291,82,189,1
2,1,27,97,208,97,27,1
2,1,81,286,146,253,146,286,81,1
2,1,273,74,14,83,285,83,1
2,1,104,1
2,1,190,107,271,1
2,1,44,57,223,142,57,44,1
2,1,81,201,81,1
2,1,73,11,27,1
2,1,198,59,163,59,277,85,256,198,1
2,1,16,300,16,1
2,1,168,64,137,149,27,1
2,1,81,31,81,161,156,192,245,1
2,1,37,246,213,246,37,1
2,1,232,1
2,1,27,97,27,1
2,1,66,168,212,257,102,59,198,1
2,1,81,78,81,1
2,1,293,1
2,1,245,28,251,28,245,1
2,1,168,261,168,1
2,1,42,118,60,1
2,1,81,193,197,126,148,126,81,1
2,1,95,282,191,136,1
2,1,60,66,300,117,53,60,1
2,1,81,171,128,171,81,1
2,1,198,59,43,149,27,1
2,1,218,1
2,1,245,192,250,192,245,1
2,1,27,296,180,211,27,1
2,1,27,249,27,1
2,1,198,252,198,1
2,1,241,169,241,1
2,1,34,1
2,1,27,149,152,48,49,149,27,1
2,1,81,31,56,31,81,1
2,1,27,149,137,64,176,182,1
2,1,198,273,198,2,220,171,81,1
2,1,34,235,186,235,34,1
2,1,182,76,182,1
2,1,27,149,152,275,152,149,27,1
2,1,212,58,4,233,212,1
2,1,18,50,18,1
2,1,42,61,42,1
2,1,245,290,245,1
2,1,81,72,81,1
2,1,44,289,77,289,44,1
2,1,190,30,190,1
2,1,101,264,149,27,1
2,1,232,63,294,133,232,1
2,1,81,286,4,297,4,286,81,1
2,1,81,286,143,108,143,286,81,80,9,60,1
2,1,189,9,281,189,94,189,1
2,1,211,72,174,271,81,74,81,1
2,1,16,183,150,251,185,16,1
2,1,182,76,26,76,182,1
2,1,245,138,1
2,1,37,75,135,199,37,1
2,1,136,129,136,1
2,1,227,85,70,1
2,1,182,92,182,274,76,182,1
2,1,11,122,11,1
2,1,44,289,36,207,36,289,44,1
2,1,272,152,149,27,196,27,1
2,1,34,235,248,235,34,1
2,1,245,154,245,1
2,1,245,3,264,187,160,245,1
2,1,182,68,182,1
2,1,101,210,101,1
2,1,198,59,102,59,198,1
2,1,245,151,245,1
2,1,81,293,131,214,171,255,203,255,171,81,1
2,1,182,92,237,92,182,1
2,1,81,171,220,171,81,1
2,1,259,216,259,1
2,1,40,290,43,79,40,1
2,1,60,231,60,1
2,1,93,49,142,173,83,1
2,1,100,1
2,1,37,214,37,1
2,1,81,215,81,1
2,1,27,97,284,97,27,1
2,1,153,1
2,1,268,22,268,1
2,1,37,32,37,1
2,1,27,149,152,272,159,272,152,149,27,1
2,1,37,209,259,1
2,1,17,157,17,1
2,1,83,6,260,6,83,1
2,1,27,97,12,132,12,97,27,1
2,1,81,286,258,286,81,1
2,1,259,47,259,1
2,1,27,149,145,149,27,1
2,1,11,121,288,121,11,1
2,1,245,212,181,192,62,192,245,1
2,1,81,25,38,25,81,1
2,1,271,87,271,1
2,1,37,244,37,1
2,1,168,178,229,168,1
2,1,44,124,40,24,156,119,44,1
2,1,136,286,17,45,129,265,129,136,1
2,1,212,233,212,1
2,1,268,22,52,22,268,1
2,1,37,214,125,167,125,214,37,1
2,1,14,230,14,1
2,1,16,49,40,179,40,1
2,1,198,48,198,1
2,1,245,160,110,160,245,1
2,1,81,201,130,201,81,1
2,1,14,192,250,170,269,14,1
2,1,198,240,217,59,198,1
2,1,37,246,37,1
2,1,27,149,91,115,91,149,27,1
2,1,271,15,271,1
2,1,14,269,225,146,232,269,14,1
2,1,11,122,86,122,11,1
2,1,116,94,270,1
2,1,67,147,175,279,73,11,27,211,27,1
2,1,198,141,153,59,163,19,163,59,198,1
2,1,127,221,162,224,162,221,127,1
2,1,245,154,202,149,27,1
2,1,98,242,33,242,98,1
2,1,44,119,239,119,44,1
2,1,279,98,267,46,189,1
2,1,268,22,113,22,268,1
2,1,136,155,136,1
2,1,81,286,143,108,177,287,108,143,286,81,1
2,1,198,273,294,273,198,1
2,1,189,82,105,82,205,253,146,121,189,1
2,1,44,289,222,289,44,1
2,1,27,97,284,234,1
2,1,198,59,172,59,198,1
2,1,27,175,27,1
2,1,189,106,56,94,243,94,189,1
2,1,268,22,276,22,268,1
2,1,81,286,143,55,120,55,143,286,81,1
2,1,81,126,81,295,171,81,1
2,1,198,263,140,226,198,1
2,1,37,214,125,8,125,214,37,1
2,1,81,286,13,286,81,262,166,148,126,81,1
2,1,247,22,268,164,268,1
2,1,195,256,11,1
2,1,136,236,136,1
2,1,127,221,127,1
2,1,198,219,198,1
2,1,42,188,42,71,11,1
2,1,232,144,232,1
2,1,27,149,5,142,91,149,27,1
2,1,44,289,292,222,36,289,44,1
2,1,16,41,16,1
2,1,168,185,168,1
2,1,245,114,245,1
2,1,44,5,266,289,44,1
2,1,37,165,37,1
2,1,11,121,10,121,11,132,12,97,27,1
2,1,139,1
2,1,27,249,35,249,27,1
2,1,27,149,49,89,49,149,27,1
2,1,271,184,271,1
2,1,81,286,143,21,143,286,81,1
2,1,81,171,295,204,295,171,81,1
2,1,109,1
2,1,27,111,27,1
2,1,60,280,60,1
2,1,198,252,54,252,198,1
2,1,27,149,137,123,137,149,27,1
2,1,245,192,24,192,245,29,203,255,171,81,1
2,1,198,69,198,1
2,1,27,296,99,296,27,1
2,1,271,107,158,107,271,1
2,1,37,165,65,51,65,165,37,1
2,1,245,3,96,3,245,1
2,1,127,228,127,1
2,1,277,112,277,1
2,1,39,142,12,84,1
2,1,240,298,188,98,242,98,1
2,1,85,1
2,1,81,126,278,126,81,1
2,1,44,206,134,206,59,217,44,1
2,1,44,119,239,23,239,119,44,1
2,1,198,59,238,299,59,198,1
2,1,27,149,137,64,194,64,137,149,27,1
2,1,268,22,276,90,276,22,268,1
2,1,27,200,27,1
3,1,11,1
3,1,81,1
3,1,11,122,11,1
3,1,245,160,110,160,245,1
3,1,182,68,182,1
3,1,81,126,148,126,81,1
3,1,43,99,219,11,122,86,122,11,1
3,1,253,269,273,160,245,192,245,1
3,1,81,286,81,1
3,1,168,1
3,1,27,175,27,1
3,1,37,214,125,214,37,1
3,1,219,187,124,40,179,40,1
3,1,14,1
3,1,85,246,37,1
3,1,44,1
3,1,128,259,47,259,1
3,1,60,118,60,1
3,1,121,250,187,136,155,136,1
3,1,27,149,145,149,27,1
3,1,27,296,27,1
3,1,198,59,163,19,163,59,198,1
3,1,44,289,36,289,44,1
3,1,245,230,154,202,154,245,1
3,1,17,88,75,88,17,1
3,1,232,142,57,44,1
3,1,45,27,111,27,1
3,1,83,285,83,1
3,1,181,252,16,1
3,1,227,1
3,1,245,58,121,192,62,192,245,1
3,1,198,117,198,1
3,1,84,1
3,1,272,152,149,27,1
3,1,27,97,284,97,27,1
3,1,14,269,225,269,14,1
3,1,81,286,143,286,81,1
3,1,116,281,11,27,149,147,149,27,1
3,1,182,76,292,76,182,49,149,27,1
3,1,271,112,277,1
3,1,268,1
3,1,81,31,56,31,81,1
3,1,81,286,4,286,81,1
3,1,232,133,196,269,232,1
3,1,34,1
3,1,198,59,163,59,198,1
3,1,100,251,28,245,1
3,1,18,1
3,1,83,6,83,1
3,1,11,71,11,1
3,1,73,1
3,1,81,25,81,1
3,1,14,180,14,254,239,119,44,1
3,1,81,171,295,171,81,1
3,1,279,1
3,1,109,1
3,1,81,25,38,25,81,1
3,1,27,149,137,64,176,182,1
3,1,44,206,44,1
3,1,127,221,127,1
3,1,42,1
3,1,11,256,11,1
3,1,37,165,65,204,246,221,165,37,1
3,1,211,114,69,124,40,1
3,1,101,210,101,1
3,1,27,97,12,97,27,1
3,1,190,1
3,1,271,184,271,1
3,1,31,44,119,44,1
3,1,195,1
3,1,11,256,106,256,11,1
3,1,245,138,81,60,1
3,1,93,215,81,1
3,1,81,74,81,1
3,1,27,97,12,132,12,97,27,1
3,1,241,169,241,1
3,1,34,141,34,1
3,1,27,149,137,205,230,6,83,123,137,149,27,1
3,1,81,286,190,107,258,286,81,1
3,1,27,149,177,120,180,40,49,149,27,1
3,1,81,286,146,37,244,286,81,1
3,1,189,1
3,1,37,214,125,8,125,214,37,1
3,1,189,46,189,1
3,1,268,22,268,1
3,1,245,3,96,3,245,1
3,1,44,119,239,119,44,1
3,1,16,300,16,1
3,1,259,13,108,253,166,85,216,259,1
3,1,168,185,168,1
3,1,60,95,282,14,122,9,60,1
3,1,27,10,16,252,184,160,200,27,1
3,1,17,157,17,1
3,1,168,261,182,1
3,1,98,242,98,1
3,1,245,290,38,203,146,250,192,245,1
3,1,198,271,217,59,172,59,198,1
3,1,27,296,99,296,27,1
3,1,81,171,255,171,81,1
3,1,81,126,135,126,53,174,271,81,1
3,1,81,126,148,166,262,209,216,85,166,148,126,81,1
3,1,98,242,33,242,98,1
3,1,16,41,16,156,192,245,1
3,1,268,22,113,22,268,1
3,1,189,82,291,82,189,1
3,1,271,87,271,1
3,1,198,48,198,1
3,1,83,6,260,6,83,1
3,1,190,30,258,286,81,1
3,1,40,79,40,1
3,1,127,228,288,121,67,127,1
3,1,44,289,36,207,36,289,44,1
3,1,277,112,277,1
3,1,60,9,80,9,60,1
3,1,245,192,24,192,245,1
3,1,271,15,271,1
3,1,182,76,274,76,182,1
3,1,44,119,140,119,44,1
3,1,198,252,150,252,198,1
3,1,139,199,37,1
3,1,16,183,16,1
3,1,293,98,1
3,1,81,171,255,203,29,203,255,171,81,1
3,1,153,1
3,1,232,119,299,144,63,144,232,1
3,1,44,57,142,57,44,1
3,1,161,217,44,289,77,289,44,1
3,1,81,286,143,21,143,286,81,1
3,1,182,92,182,1
3,1,34,235,23,283,186,235,34,1
3,1,212,1
3,1,81,286,143,55,143,286,81,1
3,1,245,160,197,193,197,160,245,1
3,1,27,149,264,149,27,1
3,1,168,229,168,1
3,1,83,173,83,1
3,1,116,238,290,25,281,11,27,149,27,1
3,1,60,231,60,1
3,1,14,282,4,107,88,14,1
3,1,18,103,283,103,18,1
3,1,27,149,91,115,91,149,27,1
3,1,127,221,162,221,127,1
3,1,44,57,7,57,44,1
3,1,11,121,288,121,11,1
3,1,240,277,18,50,18,1
3,1,27,149,152,275,152,149,27,1
3,1,27,149,49,89,39,89,49,149,27,1
3,1,60,280,60,52,22,268,1
3,1,189,94,189,1
3,1,27,149,152,272,159,272,152,149,27,1
3,1,268,22,276,22,268,1
3,1,104,1
3,1,271,174,142,69,271,1
3,1,189,82,105,82,189,1
3,1,37,214,125,167,125,214,37,1
3,1,139,208,182,76,26,76,182,1
3,1,198,252,54,252,198,1
3,1,218,2,220,171,164,280,60,73,81,1
3,1,27,91,206,226,97,284,234,284,97,27,1
3,1,44,206,134,206,44,191,218,1
3,1,81,286,143,108,143,286,81,1
3,1,268,22,247,22,268,1
3,1,245,160,187,160,245,1
3,1,136,129,265,129,136,35,249,27,1
3,1,81,126,51,278,126,81,1
3,1,81,201,130,201,81,1
3,1,136,236,136,1
3,1,27,149,66,149,27,1
3,1,50,188,298,1
3,1,198,263,198,1
3,1,127,221,162,224,162,221,127,1
3,1,81,286,143,108,287,108,143,286,81,1
3,1,98,242,131,242,98,1
3,1,212,237,238,78,58,233,212,1
3,1,27,249,27,1
3,1,81,78,81,1
3,1,189,46,267,46,189,1
3,1,245,257,102,151,245,1
3,1,271,170,271,1
3,1,198,59,102,59,198,1
3,1,268,22,276,90,276,22,268,1
3,1,130,297,14,44,289,222,289,44,1
3,1,42,61,42,1
3,1,229,64,81,72,81,1
3,1,16,20,16,1
3,1,27,149,137,64,194,64,137,149,27,1
3,1,245,192,5,192,245,1
3,1,189,94,243,94,189,1
3,1,37,246,213,246,37,1
3,1,245,266,245,1
3,1,27,248,27,1
3,1,271,107,158,107,271,1
3,1,40,223,177,120,180,40,1
3,1,16,270,255,85,70,1
3,1,81,28,59,217,171,220,171,81,1
3,1,27,249,35,249,27,1
3,1,198,273,294,273,198,1
3,1,37,32,37,1
3,1,182,76,26,178,26,76,182,1
