1,1,113,1
1,1,241,156,11,1
1,1,187,1
1,1,210,216,210,282,236,138,1
1,1,138,174,254,159,254,174,138,39,100,79,1
1,1,48,261,100,79,1
1,1,189,290,227,189,1
1,1,120,164,153,152,153,164,120,1
1,1,120,163,1
1,1,296,1
1,1,98,107,98,1
1,1,57,1
1,1,138,211,149,1
1,1,27,89,209,210,1
1,1,76,165,288,165,76,1
1,1,110,1
1,1,120,250,120,1
1,1,215,141,120,1
1,1,210,209,231,209,210,1
1,1,158,1,235,1
1,1,284,205,73,219,124,44,42,1
1,1,138,211,30,297,30,129,122,1
1,1,187,262,204,42,1
1,1,138,83,78,83,138,1
1,1,235,243,235,1
1,1,5,252,5,1
1,1,120,250,6,250,120,1
1,1,120,164,131,164,120,1
1,1,268,238,76,1
1,1,187,10,187,1
1,1,33,204,205,143,210,1
1,1,120,112,120,140,120,1
1,1,76,166,76,1
1,1,49,147,139,94,122,1
1,1,98,119,94,122,67,122,1
1,1,225,1
1,1,12,1
1,1,76,166,132,127,132,166,76,1
1,1,138,211,149,55,38,170,149,1
1,1,76,165,76,1
1,1,5,292,5,1
1,1,223,66,223,1
1,1,79,150,134,295,79,1
1,1,76,165,38,52,38,165,76,1
1,1,296,146,296,1
1,1,76,166,142,166,76,1
1,1,138,174,138,1
1,1,284,205,73,280,1
1,1,120,250,214,250,120,1
1,1,120,164,233,283,120,1
1,1,138,296,28,296,1
1,1,79,100,144,284,79,1
1,1,49,220,49,1
1,1,79,100,192,100,79,1
1,1,120,103,120,177,4,138,1
1,1,113,180,113,1
1,1,138,247,138,1
1,1,284,205,212,128,209,210,205,284,1
1,1,210,246,210,1
1,1,120,109,195,109,120,1
1,1,120,164,9,164,120,1
1,1,122,81,122,1
1,1,264,112,120,1,138,125,138,1
1,1,122,81,99,81,122,1
1,1,85,1
1,1,135,82,12,201,1
1,1,225,203,225,1
1,1,120,21,205,73,258,120,1
1,1,189,227,130,56,209,210,1
1,1,122,81,270,81,122,1
1,1,120,169,5,1
1,1,57,97,57,1
1,1,76,166,47,166,76,1
1,1,238,34,238,76,1
1,1,138,211,259,211,138,1
1,1,138,211,149,240,15,240,149,1
1,1,79,198,79,1
1,1,120,115,120,145,120,1
1,1,179,1
1,1,117,255,296,1
1,1,120,141,202,40,106,141,120,1
1,1,223,32,223,188,14,280,1
1,1,223,32,242,32,223,1
1,1,120,258,19,258,120,1
1,1,222,1
1,1,167,135,137,76,1
1,1,45,1
1,1,233,266,210,69,207,209,210,1
1,1,57,97,80,97,57,1
1,1,120,109,75,109,120,1
1,1,275,122,1
1,1,120,164,22,164,120,1
1,1,79,100,88,100,79,1
1,1,12,54,281,78,30,12,1
1,1,225,111,62,111,225,1
1,1,122,194,296,201,286,129,122,1
1,1,210,17,37,44,206,66,37,44,42,1
1,1,120,164,232,148,298,148,232,164,120,1
1,1,284,277,181,124,44,42,84,42,1
1,1,138,211,123,211,138,1
1,1,120,141,202,93,200,185,79,1
1,1,223,64,43,139,232,174,224,94,122,223,1
1,1,238,190,238,76,1
1,1,210,263,189,1
1,1,210,209,56,207,209,210,1
1,1,223,64,175,64,49,1
1,1,120,258,197,5,1
1,1,79,185,79,1
1,1,120,112,264,8,264,112,120,1
1,1,120,23,44,42,1
1,1,5,252,50,252,5,1
1,1,79,226,141,120,1
1,1,120,217,120,1
1,1,280,70,280,1
1,1,138,236,104,218,273,138,1
1,1,117,272,138,211,96,211,138,1
1,1,49,220,218,160,218,220,49,1
1,1,122,121,36,224,174,138,1
1,1,120,124,44,42,1
1,1,49,220,218,86,218,220,49,1
1,1,120,164,41,164,120,1
1,1,138,279,138,63,289,138,1
1,1,76,166,294,166,76,1
1,1,122,94,122,1
1,1,138,211,154,211,138,1
1,1,138,287,211,138,1
1,1,76,137,267,137,76,1
1,1,16,171,42,1
1,1,120,140,61,140,120,1
1,1,79,100,261,153,164,120,1
1,1,120,169,161,169,120,1
1,1,122,67,162,67,191,213,122,1
1,1,138,174,254,234,98,1
1,1,138,289,162,2,193,289,138,1
1,1,120,109,181,124,44,42,1
1,1,210,69,25,253,25,69,210,1
1,1,256,5,184,120,1
1,1,210,246,208,246,210,1
1,1,13,14,58,13,1
1,1,49,91,72,186,38,106,68,186,49,1
1,1,49,249,49,1
1,1,120,124,114,84,42,1
1,1,120,26,120,1
1,1,76,137,267,196,55,137,76,1
1,1,122,129,122,1
1,1,120,115,24,115,120,1
1,1,167,51,167,1
1,1,85,245,85,1
1,1,79,226,293,155,1
1,1,76,269,76,1
1,1,113,180,239,180,113,1
1,1,76,137,267,60,271,132,166,76,1
1,1,179,71,44,42,1
1,1,138,174,139,147,96,211,138,1
1,1,296,28,178,125,138,1
1,1,76,137,300,76,1
1,1,79,226,293,46,198,79,1
1,1,138,90,138,1
1,1,110,299,110,289,138,1
1,1,210,246,3,246,210,1
1,1,120,164,153,164,120,1
1,1,138,174,224,174,138,1
1,1,275,65,120,1
1,1,138,125,101,125,138,1
1,1,210,69,126,18,126,69,210,1
1,1,57,74,57,1
1,1,284,134,295,79,1
1,1,120,112,221,141,285,112,120,1
1,1,5,252,50,31,50,252,5,1
1,1,120,164,41,213,41,164,120,1
1,1,183,111,161,223,32,105,32,223,1
1,1,225,173,157,173,225,1
1,1,210,209,207,77,207,209,210,1
1,1,122,121,92,121,1
1,1,49,220,218,86,228,114,84,42,1
1,1,120,258,197,116,197,258,120,1
1,1,138,118,172,118,138,1
1,1,13,237,276,237,13,1
1,1,79,226,274,5,1
1,1,296,230,296,1
1,1,98,199,98,1
1,1,225,173,225,251,165,76,1
1,1,49,220,218,104,218,220,49,87,5,1
1,1,215,260,215,141,120,1
1,1,138,174,224,59,224,174,138,1
1,1,280,37,44,42,1
1,1,13,244,136,166,76,1
1,1,11,156,11,1
1,1,138,125,291,125,138,1
1,1,210,108,210,1
1,1,223,68,223,1
1,1,76,165,38,278,38,166,76,1
1,1,76,137,300,20,300,137,76,1
1,1,79,100,261,29,248,185,79,1
1,1,138,287,257,287,138,1
1,1,210,143,133,143,210,1
1,1,120,109,176,109,120,1
1,1,229,7,163,1
1,1,138,211,95,211,138,1
1,1,49,220,218,53,84,42,1
1,1,210,151,210,35,210,1
1,1,76,166,132,271,132,166,76,1
1,1,5,265,5,1
1,1,120,164,9,102,9,164,120,1
1,1,155,1
1,1,49,182,186,49,1
1,1,33,168,33,1
1,1,120,164,232,148,22,164,120,1
1,1,76,166,136,166,76,1
2,1,79,185,79,1
2,1,233,62,243,235,1
2,1,138,211,149,170,149,1
2,1,5,120,1
2,1,268,1
2,1,241,269,122,1
2,1,210,1
2,1,76,137,55,137,76,1
2,1,120,258,197,5,1
2,1,49,186,49,1
2,1,210,143,210,1
2,1,120,23,44,42,1
2,1,76,137,76,1
2,1,280,1
2,1,138,287,138,1
2,1,122,94,108,201,286,129,122,1
2,1,187,138,247,138,1
2,1,76,137,300,137,76,1
2,1,138,2,138,1
2,1,138,90,280,1
2,1,48,1
2,1,120,115,120,1
2,1,210,209,89,209,210,1
2,1,167,51,167,1
2,1,215,141,120,1
2,1,138,287,257,194,122,1
2,1,117,272,225,1
2,1,11,156,11,1
2,1,280,87,280,1
2,1,138,174,138,1
2,1,225,111,225,1
2,1,264,49,210,189,1
2,1,210,143,133,143,210,1
2,1,98,199,212,295,98,1
2,1,138,174,224,174,138,1
2,1,187,262,187,1
2,1,76,166,132,166,76,1
2,1,155,1
2,1,120,109,120,253,25,69,210,1
2,1,33,167,1
2,1,120,163,112,120,1
2,1,138,211,30,297,149,1
2,1,120,199,59,141,120,1
2,1,296,1
2,1,249,49,184,85,245,85,1
2,1,120,21,141,120,1
2,1,120,124,44,42,1
2,1,225,111,183,111,225,1
2,1,296,230,296,1
2,1,113,1
2,1,191,35,210,238,76,166,76,1
2,1,122,81,270,166,76,1
2,1,223,68,106,68,223,22,164,120,1
2,1,76,269,76,1
2,1,210,246,210,1
2,1,79,100,79,1
2,1,284,205,266,205,5,1
2,1,296,255,296,1
2,1,222,71,179,280,1
2,1,76,165,76,1
2,1,76,166,142,166,76,1
2,1,79,100,261,29,248,29,261,100,79,1
2,1,16,261,100,79,100,88,100,79,1
2,1,138,174,281,174,138,1
2,1,138,211,119,211,138,1
2,1,49,182,13,1
2,1,138,211,123,211,138,1
2,1,215,260,215,141,120,1
2,1,138,4,138,1
2,1,49,220,218,290,218,220,49,1
2,1,223,66,223,1
2,1,138,211,154,211,138,1
2,1,210,69,126,18,126,69,210,1
2,1,256,41,164,120,1
2,1,187,10,187,1
2,1,79,293,51,150,79,1
2,1,49,220,218,220,49,1
2,1,138,174,139,94,122,1
2,1,122,81,99,123,211,138,1
2,1,138,83,138,1
2,1,210,263,189,1
2,1,57,97,57,1
2,1,138,125,138,1
2,1,79,226,141,120,1
2,1,158,1
2,1,138,174,139,147,96,211,138,1
2,1,275,30,211,120,5,265,5,1
2,1,79,185,200,185,79,1
2,1,110,237,220,49,1
2,1,79,100,261,29,173,225,1
2,1,120,26,120,1
2,1,138,289,193,289,138,1
2,1,120,112,120,1
2,1,275,65,120,1
2,1,76,166,294,166,76,1
2,1,76,166,47,166,76,1
2,1,210,69,25,253,25,69,210,1
2,1,120,164,232,164,120,1
2,1,76,166,132,127,132,166,76,1
2,1,120,141,202,141,120,1
2,1,138,211,149,240,41,164,120,1
2,1,12,166,76,1
2,1,238,34,238,76,1
2,1,284,205,73,171,42,1
2,1,296,28,296,103,120,1
2,1,33,169,5,252,5,1
2,1,296,40,296,61,140,120,1
2,1,33,168,33,1
2,1,120,109,75,109,120,1
2,1,138,273,138,1
2,1,49,220,218,104,218,220,49,1
2,1,280,70,280,1
2,1,76,137,135,137,76,1
2,1,138,247,151,227,77,269,247,138,1
2,1,122,67,9,122,1
2,1,138,174,254,174,138,1
2,1,296,146,296,1
2,1,76,166,132,271,244,136,166,76,1
2,1,284,205,73,280,1
2,1,57,97,80,97,57,1
2,1,189,227,130,56,207,209,210,1
2,1,76,137,267,60,267,137,76,1
2,1,113,180,239,180,113,1
2,1,229,100,79,100,192,100,79,1
2,1,49,220,218,206,218,142,278,175,64,218,220,49,1
2,1,138,211,95,211,138,1
2,1,210,17,37,44,42,1
2,1,138,279,246,175,289,138,1
2,1,120,283,120,1
2,1,13,237,220,49,1
2,1,122,121,92,121,1
2,1,120,164,153,164,120,1
2,1,27,1
2,1,120,115,24,115,120,1
2,1,296,28,178,28,296,1
2,1,138,83,78,83,138,1
2,1,223,64,218,220,49,1
2,1,120,109,181,124,44,42,1
2,1,120,164,41,213,41,164,120,1
2,1,138,211,14,211,138,1
2,1,120,258,19,258,120,1
2,1,5,252,50,252,5,1
2,1,138,236,282,236,138,1
2,1,120,164,153,152,153,164,120,1
2,1,49,220,218,86,228,114,84,42,1
2,1,120,250,214,250,120,1
2,1,138,174,139,43,253,58,139,94,122,1
2,1,138,211,259,211,138,1
2,1,284,205,73,219,124,44,42,1
2,1,210,209,128,231,209,210,1
2,1,138,125,101,125,138,1
2,1,284,134,204,134,284,1
2,1,120,182,13,237,276,237,13,182,120,145,120,1
2,1,120,140,120,1
2,1,76,166,136,166,76,1
2,1,120,141,202,93,200,185,79,1
2,1,210,246,208,246,210,1
2,1,120,163,7,73,280,1
2,1,120,258,197,116,197,258,120,1
2,1,79,198,79,1
2,1,122,194,122,1
2,1,120,164,232,148,232,8,164,120,1
2,1,120,217,120,1
2,1,238,190,238,76,1
2,1,12,82,12,1
2,1,49,220,218,53,84,42,1
2,1,138,174,254,159,254,174,138,1
2,1,76,165,251,165,76,1
2,1,122,129,94,122,1
2,1,120,124,114,84,42,1
2,1,79,100,39,100,79,1
2,1,45,76,188,76,1
2,1,120,109,176,109,120,1
2,1,122,121,36,224,174,138,1
2,1,122,81,274,107,122,1
2,1,138,118,72,118,138,1
2,1,210,110,77,207,209,231,209,210,1
2,1,120,164,232,148,298,148,22,164,120,1
2,1,280,179,1
2,1,223,32,223,1
2,1,120,164,131,220,49,1
2,1,280,184,144,184,120,1
2,1,120,109,195,109,120,1
2,1,138,211,149,240,15,41,164,120,1
2,1,49,220,218,160,218,220,49,1
2,1,210,69,196,126,69,210,1
2,1,120,169,161,292,5,1
2,1,138,4,177,247,138,31,50,252,5,1
2,1,138,125,291,125,138,1
2,1,120,112,285,112,120,1
2,1,225,173,157,173,225,74,57,1
2,1,138,289,63,289,138,172,118,138,1
2,1,284,205,73,277,181,124,44,42,1
2,1,210,246,3,77,216,210,6,250,120,1
2,1,49,91,114,242,32,49,1
2,1,76,165,288,165,76,1
2,1,120,164,9,102,46,9,164,120,1
2,1,76,165,38,166,76,1
2,1,223,32,105,32,223,1
2,1,138,174,254,234,203,225,1
2,1,225,203,100,79,1
2,1,79,100,261,221,261,100,79,1
2,1,235,243,235,1
2,1,122,67,162,67,122,1
2,1,138,289,110,299,110,1
2,1,5,292,5,1
2,1,76,137,300,20,300,137,76,1
2,1,12,54,12,166,76,1
2,1,76,165,38,52,38,166,76,1
3,1,120,112,120,1
3,1,138,211,154,211,138,1
3,1,12,166,76,1
3,1,13,1
3,1,138,125,291,125,138,1
3,1,49,91,49,1
3,1,12,54,12,1
3,1,79,1
3,1,138,273,138,1
3,1,167,51,167,1
3,1,179,1
3,1,235,1
3,1,98,119,131,220,218,11,1
3,1,76,165,38,166,76,1
3,1,120,164,120,1
3,1,138,289,93,192,164,138,1
3,1,122,1
3,1,225,173,157,173,225,1
3,1,49,249,49,1
3,1,49,186,49,1
3,1,79,185,79,1
3,1,210,69,126,18,126,69,210,1
3,1,120,258,197,116,197,258,120,1
3,1,258,19,66,143,210,216,210,1
3,1,284,164,120,1
3,1,13,237,13,199,98,1
3,1,79,226,93,200,185,79,1
3,1,225,148,225,213,225,111,183,111,225,1
3,1,117,242,32,223,1
3,1,189,1
3,1,76,166,47,166,76,1
3,1,249,126,69,25,69,126,289,138,174,281,174,138,1
3,1,210,142,278,108,210,35,210,1
3,1,120,141,120,1
3,1,179,71,179,1
3,1,120,115,24,115,120,1
3,1,210,246,208,246,210,1
3,1,187,1
3,1,225,203,225,1
3,1,138,83,138,1
3,1,275,122,1
3,1,79,100,192,100,9,100,79,1
3,1,138,83,78,83,138,2,138,1
3,1,5,252,5,1
3,1,120,272,51,167,250,214,250,120,1
3,1,120,169,5,1
3,1,138,211,138,1
3,1,27,1
3,1,215,260,215,141,120,1
3,1,79,198,79,1
3,1,85,1
3,1,120,21,141,120,1
3,1,49,220,49,66,223,1
3,1,120,112,264,97,264,112,120,1
3,1,238,76,1
3,1,120,109,120,1
3,1,122,129,138,1
3,1,223,32,105,32,223,1
3,1,120,124,114,84,42,1
3,1,138,174,254,174,138,1
3,1,284,277,73,205,73,22,164,5,205,280,1
3,1,120,169,161,169,120,1
3,1,49,220,218,86,206,218,220,49,1
3,1,5,252,50,252,5,1
3,1,163,98,155,1
3,1,120,26,120,109,181,124,44,42,1
3,1,11,156,36,156,11,1
3,1,79,100,88,100,79,159,254,174,138,1
3,1,120,23,44,42,1
3,1,280,184,120,1
3,1,76,137,135,137,76,1
3,1,210,209,89,130,56,207,209,210,1
3,1,120,250,120,1
3,1,120,109,75,109,120,1
3,1,268,1
3,1,284,205,87,73,171,42,1
3,1,13,237,276,76,1
3,1,296,1
3,1,138,118,138,1
3,1,138,236,282,236,138,1
3,1,5,292,5,1
3,1,189,227,189,1
3,1,296,201,286,174,98,107,98,1
3,1,138,211,30,287,30,149,1
3,1,224,164,120,217,120,1
3,1,138,287,138,1
3,1,187,262,204,42,1
3,1,235,95,122,194,122,1
3,1,79,226,293,46,293,226,79,1
3,1,110,289,138,1
3,1,138,90,138,1
3,1,76,165,288,240,149,165,76,1
3,1,49,182,120,1
3,1,76,166,132,166,76,1
3,1,120,250,6,250,120,1
3,1,76,137,267,137,76,1
3,1,120,164,41,164,120,1
3,1,223,64,223,1
3,1,5,252,50,31,50,252,5,1
3,1,76,188,76,1
3,1,76,137,267,196,55,137,76,1
3,1,189,227,130,56,207,209,210,1
3,1,48,1
3,1,296,28,296,1
3,1,238,190,1
3,1,45,42,1
3,1,5,265,130,56,104,218,220,5,1
3,1,76,166,142,101,125,138,1
3,1,76,137,300,20,300,137,76,1
3,1,122,121,122,1
3,1,210,246,3,246,210,1
3,1,210,35,191,35,210,1
3,1,138,211,111,243,198,9,149,170,149,1
3,1,158,1
3,1,120,140,61,164,120,1
3,1,33,168,33,247,138,1
3,1,76,166,136,166,76,1
3,1,138,211,14,211,138,1
3,1,210,209,207,209,210,1
3,1,229,1
3,1,13,58,13,1
3,1,223,64,175,289,138,1
3,1,280,70,280,1
3,1,138,174,139,94,122,1
3,1,138,211,149,240,15,41,164,120,1
3,1,296,28,178,125,138,1
3,1,284,134,284,164,120,1
3,1,138,287,257,287,138,1
3,1,122,129,286,129,122,1
3,1,210,108,210,1
3,1,12,82,12,1
3,1,280,184,144,205,284,1
3,1,138,4,138,1
3,1,79,226,274,226,79,1
3,1,275,65,275,1
3,1,210,263,189,1
3,1,120,112,264,8,264,112,120,1
3,1,284,134,295,79,1
3,1,120,283,272,256,202,141,120,1
3,1,122,121,92,149,1
3,1,16,202,141,120,1
3,1,284,205,212,44,42,1
3,1,122,81,297,149,1
3,1,225,111,62,111,225,1
3,1,122,94,122,1
3,1,113,1
3,1,238,34,172,118,138,1
3,1,122,81,270,83,138,1
3,1,122,67,162,67,122,1
3,1,85,245,85,1
3,1,120,164,131,164,120,1
3,1,138,174,139,147,139,94,122,1
3,1,187,10,29,187,19,258,120,1
3,1,120,164,232,255,296,164,120,1
3,1,138,211,96,211,138,1
3,1,113,180,113,1
3,1,138,118,172,118,138,1
3,1,284,205,266,124,44,42,1
3,1,210,17,37,44,42,1
3,1,76,137,267,60,271,132,166,76,1
3,1,210,143,133,143,210,1
3,1,49,220,218,160,218,220,49,1
3,1,76,166,132,127,227,77,132,166,76,1
3,1,138,211,123,211,138,1
3,1,138,279,138,1
3,1,120,163,7,163,1
3,1,79,150,79,233,120,1
3,1,210,69,25,253,25,69,210,1
3,1,120,109,195,109,120,1
3,1,120,164,9,102,9,164,120,1
3,1,79,100,261,100,79,1
3,1,138,174,254,234,203,225,1
3,1,120,164,232,148,298,148,22,164,120,1
3,1,225,173,225,1
3,1,76,269,63,289,76,1
3,1,284,205,73,219,124,44,42,1
3,1,76,166,132,271,244,136,166,76,1
3,1,120,112,285,112,120,1
3,1,138,211,30,297,149,1
3,1,120,258,197,5,1
3,1,296,40,12,1
3,1,57,74,57,1
3,1,296,146,296,1
3,1,79,100,261,29,248,185,79,1
3,1,11,218,220,120,145,120,1
3,1,76,137,55,137,76,1
3,1,138,4,177,4,138,1
3,1,79,100,39,100,79,1
3,1,120,109,176,109,120,103,120,1
3,1,76,166,294,166,76,290,218,220,49,1
3,1,79,100,261,221,261,100,79,1
3,1,120,243,62,22,164,153,164,120,1
3,1,76,165,251,165,76,1
3,1,76,165,38,52,38,165,76,1
3,1,122,81,99,81,122,1
3,1,113,180,239,180,113,1
3,1,120,164,153,152,153,164,120,1
3,1,138,289,193,289,138,1
3,1,49,220,218,53,84,42,1
3,1,222,1
3,1,57,97,80,283,120,1
3,1,296,230,296,1
3,1,110,299,110,289,138,1
3,1,138,118,72,118,138,1
3,1,120,141,202,141,120,1
3,1,223,68,223,1
3,1,138,247,151,201,1
3,1,138,211,259,211,138,1
3,1,13,241,13,1
3,1,76,106,76,1
3,1,210,209,128,231,209,210,1
3,1,49,220,218,86,228,114,84,42,1
3,1,210,209,231,209,210,1
3,1,138,174,224,59,224,174,138,1
3,1,138,174,139,43,139,94,122,1
3,1,284,134,204,134,284,1
