1,1,4,11,24,1
1,1,21,24,1
1,1,15,9,30,20,26,8,20,30,24,1
1,1,13,23,18,24,1
1,1,22,14,17,1
1,1,14,25,1
1,1,26,8,2,11,24,1
1,1,3,19,1
1,1,10,1
1,1,6,1
1,1,20,26,8,1
1,1,16,24,14,7,23,29,27,14,17,1
1,1,3,12,15,9,24,1
1,1,10,28,10,1
1,1,2,11,30,24,1
1,1,3,5,18,24,1
1,1,27,1
2,1,3,28,12,16,5,18,24,1
2,1,3,5,12,9,19,18,9,24,1
2,1,18,24,1
2,1,20,26,9,28,8,1
2,1,22,17,1
2,1,30,28,20,26,8,1
2,1,21,2,11,24,1
2,1,28,16,21,24,1
2,1,14,17,6,8,10,1
2,1,10,8,27,1
2,1,14,25,29,1
2,1,3,19,2,11,24,1
2,1,7,17,13,23,1
2,1,15,12,4,9,24,25,1
2,1,17,23,7,17,1
2,1,26,8,3,1
3,1,22,17,1
3,1,3,19,1
3,1,15,9,24,1
3,1,27,1
3,1,14,17,4,9,24,1
3,1,4,9,24,1
3,1,14,25,1
3,1,6,29,1
3,1,14,13,23,1
3,1,21,24,19,1
3,1,3,5,18,24,1
3,1,3,15,12,2,11,24,1
3,1,16,1
3,1,20,26,8,1
3,1,26,8,1
3,1,7,17,30,1
3,1,10,28,10,1
3,1,18,2,11,24,1
