1,1,21,91,100,62,22,79,1
1,1,82,91,2,28,85,28,1
1,1,48,26,71,66,55,57,79,1
1,1,93,95,11,95,82,1
1,1,61,44,1
1,1,53,6,77,4,21,1
1,1,87,100,3,64,29,14,28,1
1,1,96,1
1,1,53,6,78,56,37,36,82,1
1,1,53,42,80,89,17,49,91,1
1,1,87,70,85,43,63,14,28,1
1,1,2,74,71,81,71,74,91,1
1,1,82,95,11,55,65,91,1
1,1,28,12,100,1
1,1,82,32,88,54,39,18,1
1,1,100,72,100,1
1,1,53,92,77,50,96,1
1,1,2,74,31,34,31,74,91,1
1,1,18,1
1,1,82,45,82,1
1,1,13,94,1
1,1,100,72,84,72,100,1
1,1,82,36,82,1
1,1,18,39,62,47,82,1
1,1,82,36,88,7,41,78,56,36,82,1
1,1,2,74,66,74,91,1
1,1,2,33,57,97,82,1
1,1,82,95,7,95,82,1
1,1,68,1
1,1,2,33,16,33,2,1
1,1,44,9,44,1
1,1,82,36,41,36,82,1
1,1,53,83,53,1
1,1,53,78,94,76,74,91,1
1,1,2,74,67,66,74,91,1
1,1,82,55,82,1
1,1,96,58,96,1
1,1,73,39,90,23,74,91,1
1,1,68,52,95,82,1
1,1,82,19,82,1
1,1,69,1
1,1,2,74,66,30,66,74,91,1
1,1,96,58,75,58,96,1
1,1,28,14,28,1
1,1,2,74,5,74,91,1
1,1,2,33,16,46,16,33,2,1
1,1,82,97,57,97,82,1
1,1,28,14,10,84,72,100,1
1,1,91,24,91,1
1,1,82,36,25,36,82,1
1,1,2,74,60,74,2,1
1,1,82,89,82,1
1,1,28,14,64,14,28,1
1,1,82,36,37,40,37,36,82,1
1,1,28,14,59,14,28,1
1,1,28,14,35,14,28,1
1,1,27,1
1,1,91,24,20,24,91,1
1,1,15,1
1,1,68,98,97,82,1
1,1,38,1
1,1,13,90,13,1
1,1,82,89,17,89,82,1
1,1,82,99,82,1
1,1,68,56,86,56,68,1
1,1,2,74,76,8,76,74,91,1
1,1,79,51,79,1
2,1,21,82,53,92,7,41,78,41,36,82,1
2,1,48,61,93,100,91,1
2,1,61,71,67,20,24,91,1
2,1,87,28,12,31,4,18,1
2,1,44,92,77,50,80,82,1
2,1,96,42,32,50,47,82,1
2,1,53,6,77,50,39,18,1
2,1,2,33,74,91,1
2,1,53,42,67,66,74,91,1
2,1,87,70,13,46,31,74,91,1
2,1,2,74,56,36,82,1
2,1,26,59,14,28,1
2,1,82,95,11,77,6,1
2,1,28,12,31,74,91,1
2,1,82,11,95,82,1
2,1,100,72,38,1
2,1,82,45,62,19,82,1
2,1,13,1
2,1,100,72,84,72,100,1
2,1,53,6,77,50,96,1
2,1,82,36,82,1
2,1,82,36,88,89,82,1
2,1,2,74,66,5,74,91,1
2,1,68,94,76,8,76,74,91,1
2,1,2,33,16,23,74,91,1
2,1,44,9,85,43,29,64,59,49,91,1
2,1,82,36,41,36,82,1
2,1,53,83,18,1
2,1,28,85,97,57,97,82,1
2,1,100,3,90,13,1
2,1,82,55,57,79,98,41,36,82,1
2,1,96,58,73,54,39,18,1
2,1,91,65,91,1
2,1,2,81,71,74,91,1
2,1,68,52,68,1
2,1,69,25,36,82,1
2,1,2,74,66,30,66,74,91,1
2,1,96,58,75,58,96,1
2,1,28,14,28,1
2,1,100,43,100,1
2,1,82,97,57,79,86,56,36,82,1
2,1,28,14,10,84,72,100,1
2,1,82,36,37,36,82,1
2,1,91,24,91,1
2,1,79,17,89,82,1
2,1,2,74,60,74,91,1
2,1,28,14,64,14,28,1
2,1,82,36,37,40,37,36,82,1
2,1,2,74,31,34,10,35,14,28,1
2,1,27,63,14,28,1
2,1,15,1
2,1,2,74,76,74,91,1
2,1,82,89,22,51,79,1
2,1,82,99,82,1
3,1,21,82,53,6,53,91,100,12,31,46,38,1
3,1,48,61,95,16,1
3,1,93,61,44,1
3,1,91,74,73,75,58,96,1
3,1,87,70,72,13,1
3,1,96,42,82,1
3,1,2,33,16,5,49,91,1
3,1,28,12,31,16,23,74,91,1
3,1,26,1
3,1,28,12,31,71,74,91,1
3,1,82,11,95,82,1
3,1,82,32,36,88,69,1
3,1,53,92,77,6,1
3,1,21,4,21,1
3,1,18,80,73,45,82,1
3,1,82,45,62,39,18,1
3,1,100,72,84,72,100,1
3,1,53,6,77,50,39,25,36,82,1
3,1,18,62,83,18,1
3,1,82,36,88,7,41,78,41,36,82,1
3,1,53,6,77,50,80,82,1
3,1,53,6,47,82,1
3,1,2,74,66,67,74,91,1
3,1,82,95,7,68,97,57,97,82,1
3,1,68,41,36,82,1
3,1,44,9,85,43,100,1
3,1,100,3,46,31,74,91,1
3,1,82,55,65,91,1
3,1,96,58,19,82,1
3,1,2,81,5,60,74,91,1
3,1,68,52,95,82,1
3,1,2,74,66,30,76,74,91,1
3,1,94,1
3,1,28,14,28,1
3,1,68,56,37,36,82,1
3,1,2,74,5,89,82,1
3,1,18,39,54,37,79,1
3,1,82,97,82,1
3,1,28,14,10,59,14,28,1
3,1,91,24,91,1
3,1,28,14,29,14,28,1
3,1,28,14,64,14,28,1
3,1,82,36,37,40,37,36,82,1
3,1,2,74,31,34,20,24,91,1
3,1,28,14,35,14,28,1
3,1,27,1
3,1,15,27,63,14,28,1
3,1,68,98,41,36,82,1
3,1,82,89,22,79,1
3,1,13,90,13,1
3,1,82,89,17,89,82,1
3,1,82,99,82,1
3,1,68,56,86,56,68,1
3,1,2,74,76,8,76,74,91,1
3,1,79,51,79,1
