1,1,120,5,164,22,164,284,44,124,184,144,37,66,223,1
1,1,138,211,96,298,240,279,138,1
1,1,79,100,39,100,192,202,254,95,211,238,76,1
1,1,120,112,264,134,212,205,266,220,12,54,12,166,76,1
1,1,120,164,153,49,186,49,1
1,1,187,192,202,200,202,41,240,41,164,120,1
1,1,280,184,273,138,1
1,1,79,100,173,96,30,135,137,76,1
1,1,120,21,141,95,254,159,254,174,138,1
1,1,284,205,73,280,1
1,1,120,109,204,42,1
1,1,79,185,248,29,173,96,30,297,149,1
1,1,225,148,292,161,106,76,1
1,1,120,164,41,122,1
1,1,138,174,161,72,63,289,68,106,38,166,76,1
1,1,120,169,90,209,210,1
1,1,284,134,295,4,138,1
1,1,49,220,218,289,193,289,138,1
1,1,120,124,219,181,87,171,195,109,120,1
1,1,120,164,232,148,292,161,118,182,33,289,110,231,128,231,209,210,1
1,1,284,44,42,13,1
1,1,138,211,149,240,15,129,94,122,1
1,1,79,100,261,221,141,120,1
1,1,120,164,232,148,96,121,1
1,1,120,250,233,150,117,1
1,1,138,125,76,238,34,172,210,1
1,1,215,198,221,119,211,138,1
1,1,187,262,204,140,61,88,16,202,141,120,1
1,1,138,118,172,118,138,1
1,1,76,165,14,247,177,247,138,1
1,1,57,145,93,85,243,62,111,225,1
1,1,79,100,192,103,120,1
1,1,120,140,258,120,1
1,1,256,272,62,111,225,1
1,1,138,83,78,162,211,138,1
1,1,76,166,76,1
1,1,222,1
1,1,120,115,24,88,37,276,76,1
1,1,122,94,122,1
1,1,120,26,34,267,55,137,76,1
1,1,49,220,49,1
1,1,5,292,161,127,132,166,76,1
1,1,79,150,51,111,183,48,1
1,1,120,164,131,220,218,11,1
1,1,120,23,44,42,1
1,1,120,109,75,163,7,73,280,1
1,1,167,51,272,256,202,141,120,1
1,1,225,203,254,107,98,1
1,1,120,164,41,213,41,164,120,1
1,1,85,157,173,225,1
1,1,120,109,181,222,66,35,210,1
1,1,120,112,285,66,227,189,1
1,1,167,51,167,152,79,1
1,1,5,252,176,277,73,280,1
1,1,120,163,84,42,1
1,1,158,144,206,191,35,210,1
1,1,138,174,224,174,138,1
1,1,120,164,9,98,152,270,166,76,1
1,1,49,182,186,49,1
1,1,120,115,24,115,187,175,69,25,69,210,1
1,1,138,211,30,297,81,297,149,1
1,1,76,165,76,1
1,1,235,95,211,138,1
1,1,122,129,286,287,94,122,1
1,1,187,10,42,186,210,69,210,1
1,1,223,66,143,210,1
1,1,120,258,197,5,1
1,1,229,93,200,185,79,1
1,1,223,32,242,64,175,278,142,288,165,76,1
1,1,280,37,44,42,1
1,1,57,74,57,1
1,1,79,100,261,29,248,29,279,78,123,99,123,211,138,1
1,1,138,174,139,43,170,38,52,38,166,76,1
1,1,79,198,26,34,160,218,220,49,1
1,1,268,238,76,1
1,1,284,205,73,171,27,1
1,1,138,125,291,125,138,1
1,1,238,190,12,201,1
1,1,179,189,227,130,56,207,209,210,1
1,1,120,250,214,250,120,1
1,1,120,258,19,66,227,189,1
1,1,138,289,137,76,1
1,1,280,70,84,17,37,44,42,1
1,1,155,1
1,1,120,258,197,116,84,53,130,89,130,56,207,209,210,1
1,1,5,252,50,252,17,290,218,220,49,1
1,1,79,226,293,155,1
1,1,120,217,80,283,120,1
1,1,138,125,101,269,241,253,25,69,210,1
1,1,120,250,6,250,120,1
1,1,296,1
1,1,12,1
1,1,223,68,223,1
1,1,113,1
1,1,138,174,224,59,224,174,138,1
1,1,223,64,175,64,49,1
1,1,138,211,149,170,149,1
1,1,49,249,49,1
1,1,120,164,9,102,9,164,120,1
1,1,79,226,293,155,1
1,1,138,211,123,211,138,1
1,1,120,109,176,179,71,239,180,113,1
1,1,179,71,207,216,210,1
1,1,122,67,194,122,1
1,1,215,260,215,141,120,1
1,1,57,97,57,1
1,1,45,228,86,218,220,49,1
1,1,120,112,264,8,264,112,120,1
1,1,210,143,133,143,210,1
1,1,49,220,218,206,11,126,69,210,1
1,1,122,121,36,224,174,138,1
1,1,138,211,259,211,138,1
1,1,223,32,242,64,175,40,211,138,1
1,1,76,269,76,1
1,1,98,199,257,291,125,138,1
1,1,235,243,235,1
1,1,138,174,254,234,259,251,164,120,1
1,1,76,137,267,38,278,142,101,125,138,1
1,1,49,220,218,53,84,42,1
1,1,275,65,282,236,138,1
1,1,138,174,139,147,96,211,138,1
1,1,122,121,92,121,1
1,1,138,174,281,174,138,1
1,1,5,252,50,31,50,252,5,1
1,1,79,226,274,5,1
1,1,33,168,33,1
1,1,76,166,47,166,76,1
1,1,210,108,210,1
1,1,138,247,138,1
1,1,296,28,296,1
1,1,85,245,46,9,298,2,138,1
1,1,57,97,80,97,10,72,238,154,211,138,1
1,1,11,156,276,237,220,49,1
1,1,79,226,293,46,198,79,1
1,1,5,265,5,1
1,1,13,241,13,1
1,1,225,111,183,48,245,46,146,296,1
1,1,49,220,218,86,3,269,76,1
1,1,76,188,255,135,82,76,1
1,1,113,180,239,180,113,1
1,1,120,124,114,84,42,1
1,1,296,255,296,1
1,1,76,165,38,278,38,166,76,1
1,1,76,166,136,166,76,1
1,1,49,91,49,1
1,1,223,32,105,77,210,1
1,1,76,166,294,166,76,1
1,1,210,246,210,1
1,1,76,137,300,76,1
1,1,210,209,207,209,210,1
1,1,49,220,218,104,218,220,49,1
1,1,76,166,132,166,76,1
1,1,13,58,13,1
1,1,296,28,178,125,138,1
1,1,296,230,132,271,60,20,60,271,132,166,76,1
1,1,110,1
1,1,210,209,56,207,209,210,1
1,1,76,166,132,271,132,166,76,1
1,1,210,246,208,246,210,1
1,1,138,236,138,1
1,1,210,209,231,209,210,1
1,1,210,69,126,18,126,69,210,1
1,1,76,137,267,196,55,137,76,1
1,1,76,137,267,60,271,132,166,76,1
1,1,275,65,120,1
1,1,210,263,189,1
1,1,76,166,132,271,244,136,166,76,1
1,1,110,299,110,1
1,1,138,247,151,201,1
2,1,120,5,164,22,164,138,211,149,30,12,201,286,213,96,173,198,85,93,200,74,214,258,120,1
2,1,120,164,284,44,124,184,49,186,49,1
2,1,79,185,248,51,167,51,111,183,48,245,85,1
2,1,120,112,264,171,87,212,187,44,42,1
2,1,138,211,41,187,10,87,171,206,86,218,220,49,1
2,1,120,164,153,295,141,202,256,272,117,107,98,1
2,1,280,184,124,37,17,104,207,276,76,1
2,1,284,134,204,262,200,202,141,106,76,1
2,1,79,100,229,16,117,1
2,1,120,21,141,120,1
2,1,284,205,280,37,118,172,286,174,138,1
2,1,120,141,185,141,202,256,202,141,120,1
2,1,120,109,205,124,44,23,220,49,1
2,1,225,261,221,94,122,1
2,1,138,174,161,118,106,253,25,69,210,1
2,1,120,169,175,11,1
2,1,284,205,73,280,1
2,1,49,186,118,172,118,138,1
2,1,120,164,232,148,292,182,33,165,236,282,236,138,1
2,1,122,121,240,279,289,138,1
2,1,79,100,39,167,51,293,46,293,155,1
2,1,120,141,202,141,120,1
2,1,284,44,42,186,35,210,1
2,1,223,66,223,1
2,1,120,250,233,252,285,6,250,120,1
2,1,138,125,76,166,12,275,122,1
2,1,215,141,120,1
2,1,57,214,80,31,50,252,5,1
2,1,79,100,192,50,252,5,1
2,1,120,140,120,1
2,1,138,90,223,32,242,32,223,1
2,1,120,164,232,148,298,191,35,210,1
2,1,138,83,127,20,60,271,132,166,76,1
2,1,76,166,76,106,68,223,1
2,1,222,181,87,212,140,61,140,120,1
2,1,120,115,66,206,218,220,49,1
2,1,120,26,111,62,111,225,1
2,1,5,292,5,1
2,1,122,129,94,122,1
2,1,49,220,218,91,49,1
2,1,79,150,117,16,155,67,78,83,138,1
2,1,120,164,131,220,49,1
2,1,120,23,44,42,1
2,1,238,268,238,76,1
2,1,120,109,75,109,120,1
2,1,120,109,195,109,176,45,56,207,209,210,1
2,1,120,169,161,292,5,1
2,1,225,203,100,79,1
2,1,138,118,72,172,34,172,118,138,1
2,1,79,100,261,29,198,293,155,98,1
2,1,225,173,157,173,225,1
2,1,138,211,149,240,41,164,120,1
2,1,120,164,41,213,41,164,120,1
2,1,120,109,181,223,68,106,40,211,138,1
2,1,120,112,285,112,120,1
2,1,210,69,210,1
2,1,33,1
2,1,5,252,285,10,97,57,1
2,1,120,163,7,71,44,42,1
2,1,138,273,239,180,113,1
2,1,158,1
2,1,138,174,224,59,199,98,1
2,1,120,164,9,152,79,1
2,1,120,115,24,115,192,202,81,297,149,1
2,1,76,165,76,1
2,1,235,95,78,81,267,125,138,1
2,1,120,258,197,5,1
2,1,138,287,257,92,121,1
2,1,223,32,242,114,84,42,1
2,1,138,211,149,240,15,41,164,120,1
2,1,280,184,144,184,120,1
2,1,138,174,139,43,59,224,174,138,1
2,1,79,198,9,28,137,76,1
2,1,284,205,266,210,143,210,1
2,1,138,211,119,94,122,129,82,76,1
2,1,138,125,291,125,138,1
2,1,238,190,238,76,1
2,1,179,276,207,209,210,1
2,1,120,103,140,61,145,120,1
2,1,120,258,19,181,222,77,210,1
2,1,280,70,280,1
2,1,155,1
2,1,120,258,197,116,197,258,216,210,1
2,1,79,226,293,155,1
2,1,138,211,30,297,149,1
2,1,76,137,76,1
2,1,120,217,120,1
2,1,284,205,73,219,71,207,227,189,1
2,1,138,125,101,136,244,136,166,76,1
2,1,138,174,254,174,138,1
2,1,138,289,63,289,138,1
2,1,120,141,202,93,200,185,79,1
2,1,296,1
2,1,79,100,88,283,120,1
2,1,12,166,76,1
2,1,223,64,218,220,49,1
2,1,138,211,14,211,138,1
2,1,225,111,225,1
2,1,113,209,210,1
2,1,138,174,224,59,43,170,281,174,138,1
2,1,223,64,175,289,138,1
2,1,138,211,149,170,4,132,166,76,1
2,1,284,44,42,84,58,13,1
2,1,49,249,49,1
2,1,120,163,7,73,280,1
2,1,120,164,9,102,95,162,211,138,1
2,1,79,226,293,234,98,1
2,1,13,241,294,271,60,271,132,166,76,1
2,1,138,211,123,211,138,1
2,1,120,109,176,109,120,1
2,1,215,260,215,141,120,1
2,1,120,112,264,8,197,210,108,210,1
2,1,210,143,133,143,210,1
2,1,122,121,36,227,130,89,130,56,207,209,210,1
2,1,138,211,259,211,138,1
2,1,76,269,76,1
2,1,284,205,73,277,191,126,69,210,1
2,1,235,243,235,1
2,1,138,174,254,159,254,174,138,1
2,1,138,83,78,83,138,1
2,1,49,220,218,53,160,218,220,49,1
2,1,138,174,139,147,96,211,138,1
2,1,76,165,38,166,76,1
2,1,138,4,255,142,101,125,138,1
2,1,79,226,274,5,1
2,1,122,194,122,1
2,1,33,168,33,1
2,1,76,166,47,166,76,1
2,1,138,247,138,1
2,1,138,287,257,194,122,1
2,1,138,2,28,178,125,138,1
2,1,122,81,99,123,211,138,1
2,1,57,97,80,110,299,110,289,138,1
2,1,11,156,11,1
2,1,48,1
2,1,5,265,5,1
2,1,13,241,13,1
2,1,225,111,183,111,225,1
2,1,138,4,177,247,138,1
2,1,49,220,218,290,218,220,49,1
2,1,113,180,113,1
2,1,13,237,220,49,1
2,1,76,188,76,1
2,1,296,255,296,1
2,1,76,165,38,278,38,166,76,1
2,1,76,166,136,166,76,1
2,1,223,32,105,32,223,1
2,1,76,137,55,196,3,269,76,1
2,1,76,166,294,166,76,1
2,1,210,246,3,18,126,69,210,1
2,1,76,137,300,137,76,1
2,1,49,220,218,104,218,220,49,1
2,1,296,230,296,1
2,1,76,165,38,52,38,166,76,1
2,1,189,1
2,1,210,69,25,69,210,1
2,1,110,1
2,1,76,165,288,154,211,138,1
2,1,76,166,132,271,60,193,289,138,1
2,1,210,246,208,246,210,1
2,1,122,81,270,166,76,1
2,1,76,165,251,165,76,1
2,1,296,146,296,1
2,1,138,236,138,1
2,1,210,209,231,209,210,1
2,1,27,1
2,1,76,137,267,196,55,137,76,1
2,1,76,166,132,127,132,166,76,1
2,1,12,54,12,166,76,1
2,1,275,65,120,1
2,1,210,263,189,1
2,1,49,220,218,86,228,114,84,42,1
2,1,210,209,128,231,209,210,1
2,1,76,137,135,137,76,1
2,1,189,227,130,56,207,209,210,1
2,1,138,247,151,247,138,1
3,1,120,5,164,153,164,232,240,216,210,1
3,1,120,164,22,44,37,44,42,1
3,1,138,174,254,95,162,211,138,1
3,1,79,100,79,1
3,1,120,112,264,112,120,1
3,1,284,134,103,134,35,156,11,1
3,1,138,211,76,165,33,242,32,223,1
3,1,187,10,250,140,120,1
3,1,280,184,49,220,218,66,206,218,220,266,205,5,1
3,1,284,134,212,87,5,1
3,1,120,21,150,51,167,1
3,1,284,205,124,44,42,44,284,74,57,1
3,1,120,141,202,256,202,93,200,185,79,1
3,1,120,109,140,252,265,5,1
3,1,79,185,200,233,120,1
3,1,225,261,29,111,62,138,296,255,296,1
3,1,120,164,41,213,90,280,116,109,120,1
3,1,120,169,33,165,76,1
3,1,284,134,295,98,155,1
3,1,284,205,73,205,204,42,186,210,108,278,108,210,1
3,1,120,124,181,124,44,42,1
3,1,122,129,33,289,126,69,210,1
3,1,284,44,42,84,42,1
3,1,79,100,39,136,244,136,166,76,1
3,1,120,141,202,21,150,79,1
3,1,138,211,149,240,224,36,9,98,1
3,1,223,182,210,223,32,223,1
3,1,120,164,232,148,298,9,102,199,98,1
3,1,120,250,10,24,115,120,1
3,1,138,125,291,125,138,1
3,1,215,198,46,293,155,1
3,1,187,262,204,42,1
3,1,49,186,210,143,210,1
3,1,138,211,96,47,166,76,1
3,1,138,118,182,207,104,218,220,49,1
3,1,57,214,258,19,258,120,1
3,1,79,100,192,202,200,51,111,183,111,225,1
3,1,120,164,232,148,298,118,172,118,138,1
3,1,138,83,126,18,126,69,210,1
3,1,76,166,287,94,122,1
3,1,222,181,23,44,42,1
3,1,120,115,24,88,100,79,1
3,1,122,94,287,30,297,99,123,211,138,1
3,1,120,26,155,293,155,1
3,1,49,220,131,63,289,138,1
3,1,5,292,143,133,114,84,42,1
3,1,238,190,105,32,223,1
3,1,120,109,75,252,285,42,190,52,38,166,76,1
3,1,120,109,195,171,181,222,91,49,1
3,1,120,169,161,238,268,238,76,1
3,1,284,205,212,140,252,50,8,264,112,120,1
3,1,225,203,281,174,138,1
3,1,138,118,72,118,269,76,1
3,1,225,173,96,30,135,137,76,1
3,1,85,1
3,1,120,112,285,116,197,258,120,1
3,1,167,51,272,261,279,78,123,211,138,1
3,1,120,163,70,280,1
3,1,138,273,138,1
3,1,158,144,206,209,210,1
3,1,122,121,170,78,47,282,236,138,1
3,1,238,34,172,118,138,1
3,1,138,211,30,149,1
3,1,235,62,226,274,5,1
3,1,122,129,286,201,2,138,1
3,1,120,258,197,5,1
3,1,79,100,261,221,48,245,85,1
3,1,229,16,117,1
3,1,138,211,149,240,15,41,164,120,1
3,1,280,184,144,7,73,280,1
3,1,79,100,261,29,248,185,79,1
3,1,138,174,139,92,247,138,1
3,1,138,279,78,83,138,1
3,1,138,211,119,211,138,1
3,1,120,140,61,124,37,17,37,44,42,1
3,1,238,190,1
3,1,76,106,76,1
3,1,179,71,44,42,1
3,1,138,289,138,1
3,1,5,252,50,252,184,49,64,218,220,49,1
3,1,79,226,247,177,247,138,1
3,1,138,211,30,297,149,1
3,1,76,137,132,271,60,20,60,271,132,166,76,1
3,1,210,35,191,35,210,1
3,1,120,217,17,290,218,220,49,1
3,1,16,202,141,120,1
3,1,284,205,73,219,181,277,73,280,1
3,1,138,125,101,125,138,1
3,1,138,174,254,174,138,1
3,1,120,250,6,285,10,97,57,1
3,1,201,296,267,125,138,1
3,1,120,164,153,152,154,211,138,1
3,1,296,13,58,13,1
3,1,138,174,139,43,139,147,96,211,138,1
3,1,225,173,157,240,168,33,1
3,1,12,166,76,1
3,1,223,68,289,110,77,210,1
3,1,138,211,14,211,138,1
3,1,113,1
3,1,138,174,224,59,224,174,138,1
3,1,122,81,297,149,1
3,1,223,64,175,289,138,1
3,1,49,249,49,1
3,1,120,164,9,102,9,164,120,1
3,1,13,1
3,1,120,109,176,45,56,207,209,210,1
3,1,122,67,162,65,275,122,1
3,1,225,111,62,111,225,1
3,1,11,156,241,13,1
3,1,98,107,240,236,138,1
3,1,215,260,45,1
3,1,210,143,133,143,210,1
3,1,138,211,259,211,138,1
3,1,235,243,235,1
3,1,138,174,254,234,288,165,76,1
3,1,138,174,254,159,25,69,210,1
3,1,49,220,218,53,84,42,1
3,1,120,283,158,144,210,246,210,1
3,1,275,122,1
3,1,122,121,92,149,1
3,1,76,165,38,3,269,76,1
3,1,120,145,204,238,76,137,300,76,1
3,1,138,4,138,1
3,1,5,252,50,31,50,252,5,1
3,1,122,194,122,1
3,1,210,108,210,1
3,1,296,28,296,1
3,1,138,287,257,287,138,1
3,1,57,97,80,97,57,1
3,1,48,1
3,1,296,40,12,1
3,1,113,180,113,1
3,1,49,220,218,86,218,220,49,1
3,1,13,237,220,49,1
3,1,76,188,76,1
3,1,113,180,239,180,113,1
3,1,76,166,136,166,76,1
3,1,76,137,55,137,76,1
3,1,76,166,294,271,251,164,120,1
3,1,210,69,210,1
3,1,13,237,276,76,1
3,1,76,166,142,101,125,138,1
3,1,210,209,207,209,210,1
3,1,76,166,132,166,76,1
3,1,296,28,178,125,138,1
3,1,296,230,296,1
3,1,189,1
3,1,110,289,138,1
3,1,49,220,218,160,218,220,49,1
3,1,76,166,132,271,132,166,76,1
3,1,210,246,208,246,210,1
3,1,122,81,270,83,138,1
3,1,189,227,189,1
3,1,296,146,296,1
3,1,210,209,231,209,210,1
3,1,27,276,237,271,60,127,132,166,76,1
3,1,210,69,25,253,25,69,210,1
3,1,76,137,267,196,55,137,76,1
3,1,76,137,267,60,271,132,166,76,1
3,1,12,54,136,300,82,76,1
3,1,210,263,189,1
3,1,49,220,218,86,228,114,84,42,1
3,1,138,289,193,289,138,1
3,1,210,209,128,231,209,210,1
3,1,110,299,110,289,138,1
3,1,210,209,89,130,56,207,209,210,1
3,1,189,227,130,56,207,209,210,1
3,1,138,247,151,201,1
