1,1,21,1,91,100,62,22,57,97,82,1
1,1,82,91,2,28,85,21,1
1,1,48,26,71,66,55,57,79,82,1
1,1,93,95,11,95,82,1
1,1,61,44,1
1,1,53,4,66,65,37,82,1
1,1,87,100,3,64,29,14,28,1
1,1,96,1
1,1,53,6,74,13,43,100,1
1,1,53,42,92,77,92,6,1
1,1,70,100,42,92,6,1
1,1,2,74,71,81,71,74,91,1
1,1,82,95,11,50,80,82,1
1,1,100,12,31,5,49,30,91,1
1,1,82,32,95,88,54,39,18,1
1,1,100,72,100,1
1,1,2,74,31,46,34,71,74,91,1
1,1,18,1
1,1,53,92,77,50,62,39,18,1
1,1,82,45,82,1
1,1,28,13,14,63,14,28,1
1,1,100,72,84,72,100,1
1,1,53,6,36,6,53,1
1,1,82,95,88,7,41,78,56,78,6,1
1,1,53,6,47,58,21,1
1,1,2,74,66,74,91,1
1,1,68,11,82,1
1,1,44,9,44,1
1,1,82,7,82,1
1,1,28,16,1
1,1,100,12,33,55,94,1
1,1,53,78,97,82,1
1,1,2,74,67,66,74,91,1
1,1,21,41,21,1
1,1,53,92,77,83,77,92,53,1
1,1,82,55,82,1
1,1,68,52,21,1
1,1,82,19,57,76,74,91,1
1,1,53,6,47,73,90,23,74,91,1
1,1,69,1
1,1,91,30,91,1
1,1,21,58,75,58,21,1
1,1,28,14,28,1
1,1,2,74,66,5,66,74,91,1
1,1,2,74,31,46,31,74,2,1
1,1,28,14,10,84,72,100,1
1,1,68,97,57,97,82,1
1,1,91,24,91,1
1,1,2,74,60,74,2,1
1,1,69,25,69,1
1,1,82,95,89,95,82,1
1,1,68,56,37,40,37,82,1
1,1,28,14,59,14,28,1
1,1,28,14,64,14,28,1
1,1,27,1
1,1,91,24,20,24,91,1
1,1,15,1
1,1,28,14,64,35,64,14,28,1
1,1,68,98,32,42,1
1,1,2,74,23,90,23,74,91,1
1,1,91,24,38,82,1
1,1,17,1
1,1,68,56,86,56,11,82,1
1,1,91,99,91,1
1,1,91,24,8,24,91,1
1,1,82,79,51,79,82,1
2,1,21,82,53,92,7,41,78,6,1
2,1,48,61,93,100,91,1
2,1,61,93,74,71,67,20,24,91,1
2,1,44,87,100,28,1
2,1,87,100,95,82,1
2,1,96,42,32,18,1
2,1,53,6,4,21,1
2,1,2,12,33,31,74,91,1
2,1,53,42,39,18,1
2,1,70,28,67,66,74,91,1
2,1,2,74,31,46,31,74,91,1
2,1,87,26,59,14,28,1
2,1,82,11,95,82,1
2,1,100,12,31,74,91,1
2,1,100,72,18,80,82,1
2,1,53,92,77,50,62,18,1
2,1,53,92,77,50,47,82,1
2,1,82,45,73,19,82,1
2,1,28,13,28,1
2,1,100,72,84,72,100,1
2,1,53,6,36,6,1
2,1,82,95,88,89,95,82,1
2,1,2,74,66,5,66,74,91,1
2,1,68,94,49,30,91,1
2,1,44,9,85,35,64,14,28,1
2,1,28,16,23,74,91,1
2,1,21,41,21,1
2,1,100,3,81,57,79,98,32,82,1
2,1,21,85,29,14,28,1
2,1,53,92,77,83,77,92,6,1
2,1,82,55,52,56,78,6,1
2,1,21,58,75,58,21,1
2,1,2,74,66,65,8,24,91,1
2,1,68,52,21,1
2,1,69,25,69,1
2,1,2,74,71,81,71,74,91,1
2,1,91,30,91,1
2,1,28,14,59,23,90,38,82,1
2,1,18,39,54,69,37,40,37,82,1
2,1,68,97,57,86,56,78,6,1
2,1,28,14,10,84,72,100,1
2,1,28,43,100,1
2,1,68,56,37,82,1
2,1,91,24,91,1
2,1,2,74,60,74,91,1
2,1,82,79,17,1
2,1,28,14,64,14,28,1
2,1,2,74,71,34,90,23,74,91,1
2,1,27,63,14,28,1
2,1,15,1
2,1,2,74,76,74,91,1
2,1,82,79,22,51,79,82,1
2,1,91,99,91,1
3,1,21,82,53,6,53,91,100,12,31,46,38,82,1
3,1,48,61,95,16,1
3,1,93,61,44,1
3,1,91,74,39,62,80,58,75,58,21,1
3,1,87,70,72,13,28,1
3,1,96,42,21,1
3,1,2,12,33,16,5,49,30,91,1
3,1,28,12,31,16,23,74,91,1
3,1,87,26,87,1
3,1,82,11,95,82,1
3,1,100,12,31,71,74,91,1
3,1,82,32,36,88,69,1
3,1,53,92,77,92,6,1
3,1,21,4,21,1
3,1,18,80,73,47,82,1
3,1,53,92,77,50,62,39,25,69,1
3,1,82,45,62,39,18,1
3,1,100,72,84,72,100,1
3,1,18,62,83,77,92,6,1
3,1,82,80,82,1
3,1,82,95,88,7,41,78,6,1
3,1,53,6,47,82,1
3,1,2,74,66,67,74,91,1
3,1,68,41,21,1
3,1,44,9,85,43,100,1
3,1,82,7,68,97,57,97,82,1
3,1,100,3,46,31,74,91,1
3,1,82,55,65,66,74,91,1
3,1,21,58,19,82,1
3,1,68,52,21,1
3,1,2,74,71,81,30,60,74,91,1
3,1,94,1
3,1,91,30,76,74,91,1
3,1,28,14,28,1
3,1,68,56,37,82,1
3,1,2,74,66,5,89,95,82,1
3,1,18,39,54,57,79,82,1
3,1,68,97,82,1
3,1,28,14,10,59,14,28,1
3,1,91,24,91,1
3,1,68,56,37,40,37,82,1
3,1,70,29,87,1
3,1,28,14,64,14,28,1
3,1,2,74,71,34,20,24,91,1
3,1,27,1
3,1,15,27,63,14,28,1
3,1,28,14,64,35,64,14,28,1
3,1,68,98,32,82,1
3,1,82,79,22,57,97,82,1
3,1,2,74,23,90,23,74,2,1
3,1,17,1
3,1,68,56,86,56,11,82,1
3,1,91,99,91,1
3,1,91,24,8,24,91,1
3,1,82,79,51,79,82,1
