1,1,268,22,247,22,52,73,81,171,116,202,149,27,1
1,1,60,9,80,81,27,249,35,249,137,210,101,1
1,1,11,279,9,281,37,98,284,206,44,1
1,1,268,22,241,18,1
1,1,268,241,27,149,152,229,237,223,6,286,81,1
1,1,34,111,27,1
1,1,73,249,186,141,34,1
1,1,101,164,268,1
1,1,227,84,18,50,296,54,143,286,81,1
1,1,37,165,37,214,86,258,286,81,1
1,1,268,22,113,141,153,139,180,120,55,30,190,1
1,1,34,235,145,97,208,168,1
1,1,11,122,9,127,125,214,37,1
1,1,27,200,48,62,63,158,107,271,1
1,1,81,171,67,188,116,295,116,281,9,60,1
1,1,27,175,211,114,69,156,59,198,1
1,1,245,1
1,1,60,231,60,1
1,1,268,22,276,169,241,268,1
1,1,198,160,64,12,152,252,14,122,11,1
1,1,37,244,148,126,81,1
1,1,27,149,137,147,234,134,206,44,1
1,1,98,242,98,188,130,201,81,1
1,1,127,221,15,54,252,198,1
1,1,60,118,60,1
1,1,268,22,276,90,276,31,1
1,1,27,149,145,149,27,1
1,1,18,103,35,272,152,149,27,1
1,1,189,270,146,157,11,1
1,1,42,188,273,138,23,239,119,44,1
1,1,60,167,125,131,293,60,28,245,1
1,1,60,280,60,73,122,271,1
1,1,139,283,16,44,1
1,1,98,242,131,216,240,259,1
1,1,11,256,11,1
1,1,245,114,117,187,160,245,1
1,1,98,65,246,255,294,63,144,232,1
1,1,81,25,220,171,81,1
1,1,81,126,135,72,297,4,286,81,1
1,1,98,65,51,65,98,1
1,1,98,242,33,214,296,27,1
1,1,245,151,168,261,182,1
1,1,27,149,137,64,12,168,289,44,1
1,1,27,149,97,284,206,129,136,1
1,1,27,249,248,249,27,1
1,1,27,149,152,149,27,1
1,1,198,273,192,79,40,1
1,1,81,74,138,219,24,192,245,1
1,1,245,138,1
1,1,16,41,132,41,27,1
1,1,189,94,270,24,161,156,192,245,1
1,1,198,252,187,215,218,1
1,1,98,242,199,88,17,1
1,1,298,216,85,1
1,1,270,1
1,1,27,41,261,168,229,77,289,44,1
1,1,81,286,146,253,108,143,286,81,1
1,1,198,219,198,1
1,1,259,216,61,42,1
1,1,234,261,168,229,124,176,182,1
1,1,168,206,91,115,91,149,27,1
1,1,245,192,250,290,43,149,27,1
1,1,81,126,278,258,40,292,222,254,239,119,44,1
1,1,271,184,146,4,107,88,3,1
1,1,17,1
1,1,81,72,278,70,85,277,1
1,1,245,192,250,187,172,59,198,1
1,1,81,126,148,255,294,13,286,81,1
1,1,11,121,11,1
1,1,86,1
1,1,127,243,240,82,105,291,70,1
1,1,37,209,2,262,166,148,126,81,1
1,1,259,216,259,1
1,1,100,8,32,37,1
1,1,123,136,1
1,1,93,1
1,1,16,300,66,16,1
1,1,16,183,93,140,119,44,1
1,1,70,96,191,218,1
1,1,271,170,138,1
1,1,271,107,271,1
1,1,245,154,290,106,256,11,1
1,1,168,185,76,182,1
1,1,27,149,97,226,97,149,27,1
1,1,37,246,213,70,56,173,191,218,1
1,1,44,119,44,1
1,1,127,8,127,1
1,1,40,1
1,1,81,171,181,171,81,1
1,1,245,160,187,124,40,292,76,182,1
1,1,245,192,49,40,217,117,198,1
1,1,16,20,16,1
1,1,245,192,156,192,245,1
1,1,271,15,269,232,1
1,1,232,1
1,1,11,121,288,269,253,190,1
1,1,189,46,189,1
1,1,127,228,107,102,151,245,1
1,1,81,126,148,166,78,81,1
1,1,259,82,112,277,1
1,1,127,221,162,221,127,1
1,1,70,291,70,1
1,1,212,58,174,271,1
1,1,81,171,128,47,259,1
1,1,189,46,267,29,203,9,60,1
1,1,198,219,99,161,26,76,182,1
1,1,245,160,197,172,266,245,1
1,1,60,9,203,204,5,192,245,1
1,1,271,204,271,1
1,1,11,121,10,180,104,1
1,1,212,58,78,10,142,7,77,289,44,1
1,1,127,221,162,224,162,221,127,1
1,1,212,233,38,71,190,1
1,1,42,53,42,1
1,1,31,56,62,196,27,1
1,1,245,160,197,193,197,160,245,1
1,1,198,59,290,59,198,1
1,1,27,149,152,299,57,289,239,119,44,1
1,1,218,1
1,1,27,149,91,149,27,1
1,1,17,180,17,1
1,1,198,59,163,59,198,1
1,1,81,201,81,1
1,1,136,155,136,1
1,1,182,76,26,57,26,76,182,1
1,1,81,171,220,2,220,171,81,1
1,1,44,45,89,28,96,230,133,232,1
1,1,182,92,182,1
1,1,136,236,136,1
1,1,27,149,264,149,27,1
1,1,17,88,75,88,17,1
1,1,182,76,274,76,182,1
1,1,245,192,62,192,245,1
1,1,245,257,178,202,194,26,76,182,1
1,1,182,76,26,89,26,76,182,1
1,1,198,59,238,59,198,1
1,1,232,269,225,269,232,1
1,1,81,286,146,253,146,286,81,1
1,1,245,192,62,83,62,192,245,1
1,1,182,76,26,57,142,12,97,149,27,1
1,1,44,289,222,289,44,1
1,1,245,28,19,104,215,282,245,1
1,1,27,149,152,275,238,68,36,289,44,1
1,1,245,28,251,28,245,1
1,1,182,76,26,178,26,76,182,1
1,1,182,68,182,1
1,1,81,25,38,25,81,1
1,1,245,39,245,1
1,1,271,87,271,1
1,1,232,133,232,1
1,1,232,144,232,1
1,1,40,223,40,1
1,1,81,286,143,55,143,286,81,1
1,1,245,3,96,3,245,1
1,1,232,133,294,133,232,1
1,1,136,129,265,129,136,1
1,1,81,286,258,177,258,286,81,1
1,1,198,263,198,1
1,1,27,149,152,272,159,272,152,149,27,1
1,1,44,289,36,207,36,289,44,1
1,1,109,1
1,1,245,160,110,160,245,1
1,1,195,1
1,1,40,179,40,1
1,1,245,160,285,160,245,1
1,1,195,260,195,1
1,1,245,28,251,150,215,218,1
1,1,198,95,198,1
1,1,73,287,73,1
1,1,81,286,143,21,143,286,81,1
1,1,245,192,205,192,245,1
2,1,268,22,235,34,60,73,107,13,286,81,1
2,1,11,160,245,1
2,1,27,149,137,64,12,152,291,105,291,70,1
2,1,268,241,18,103,145,64,229,187,160,245,1
2,1,34,241,122,121,11,1
2,1,101,164,118,164,227,101,162,224,162,221,127,1
2,1,60,9,80,244,189,46,112,47,128,99,197,160,245,1
2,1,81,1
2,1,268,22,247,22,84,175,147,149,27,1
2,1,37,98,188,243,196,95,198,1
2,1,279,175,27,1
2,1,268,22,113,141,153,139,1
2,1,37,165,37,1
2,1,11,122,11,1
2,1,27,200,245,160,114,211,27,1
2,1,81,171,25,81,1
2,1,268,22,52,113,141,257,238,28,245,1
2,1,60,9,281,116,94,270,146,4,297,55,143,286,81,1
2,1,37,214,37,1
2,1,60,231,167,125,214,37,1
2,1,268,22,276,169,183,66,16,1
2,1,198,273,74,81,1
2,1,27,111,261,182,263,198,1
2,1,101,210,122,17,1
2,1,27,249,35,40,179,40,1
2,1,98,242,131,216,46,189,1
2,1,127,67,127,1
2,1,268,22,276,90,200,273,198,1
2,1,268,241,50,226,206,76,59,99,128,171,81,1
2,1,27,149,145,64,152,252,192,245,1
2,1,27,249,35,168,229,264,223,40,1
2,1,42,226,115,91,149,27,1
2,1,60,167,67,221,127,1
2,1,60,280,261,168,289,44,1
2,1,271,148,212,58,212,1
2,1,293,131,199,242,98,1
2,1,11,256,211,114,17,88,253,146,286,81,1
2,1,98,65,51,65,98,1
2,1,27,149,97,149,27,1
2,1,34,235,186,235,34,1
2,1,153,170,138,1
2,1,18,103,283,16,1
2,1,81,126,148,255,72,88,191,218,1
2,1,98,242,33,67,188,146,275,152,149,27,1
2,1,245,151,59,198,1
2,1,27,149,97,284,206,274,76,182,1
2,1,27,249,248,16,41,16,185,176,182,1
2,1,27,149,152,252,117,198,1
2,1,60,9,281,116,298,216,61,42,1
2,1,245,138,1
2,1,198,252,187,124,187,160,245,1
2,1,198,48,229,77,207,36,289,44,1
2,1,81,286,135,126,81,1
2,1,268,241,169,155,265,129,136,1
2,1,81,171,220,72,174,53,42,1
2,1,31,146,4,63,144,232,1
2,1,198,219,187,124,40,217,161,173,285,160,245,1
2,1,259,216,85,277,1
2,1,37,246,37,1
2,1,234,1
2,1,168,1
2,1,168,261,168,208,168,1
2,1,81,126,278,135,177,258,286,81,1
2,1,271,184,271,1
2,1,81,72,81,1
2,1,81,286,258,286,81,1
2,1,245,192,250,272,152,149,27,1
2,1,86,1
2,1,37,209,259,1
2,1,100,1
2,1,123,93,1
2,1,16,300,226,206,44,1
2,1,44,119,44,1
2,1,198,69,198,1
2,1,85,1
2,1,27,41,132,41,27,1
2,1,70,213,246,37,1
2,1,81,286,4,286,81,1
2,1,271,107,166,148,126,81,1
2,1,245,154,245,1
2,1,168,185,168,1
2,1,182,134,206,44,1
2,1,37,32,37,1
2,1,27,149,97,226,97,149,27,1
2,1,127,8,127,1
2,1,81,171,181,204,295,116,281,9,60,1
2,1,245,192,49,40,217,117,198,1
2,1,16,20,91,129,136,1
2,1,245,192,156,161,156,192,245,1
2,1,259,240,259,1
2,1,271,15,54,296,27,1
2,1,232,1
2,1,11,122,14,269,225,269,232,1
2,1,17,88,17,1
2,1,11,121,288,62,192,245,1
2,1,245,192,24,59,299,152,149,27,1
2,1,127,228,162,221,127,1
2,1,259,82,291,174,120,195,1
2,1,277,112,277,1
2,1,81,78,215,5,192,245,1
2,1,198,252,54,252,198,1
2,1,212,203,9,60,1
2,1,232,269,253,143,286,81,1
2,1,136,155,194,26,76,182,1
2,1,189,46,267,46,189,1
2,1,271,174,29,203,9,60,1
2,1,198,219,99,197,62,196,27,1
2,1,271,204,212,130,201,81,1
2,1,11,121,10,143,108,143,286,81,1
2,1,212,233,212,1
2,1,81,286,4,297,4,286,81,1
2,1,31,56,10,180,193,163,59,198,1
2,1,245,160,197,193,257,245,1
2,1,198,59,290,59,198,1
2,1,218,1
2,1,27,149,91,115,236,136,1
2,1,17,180,230,260,195,1
2,1,182,76,26,76,182,1
2,1,81,201,81,1
2,1,136,155,136,1
2,1,182,76,26,57,26,76,182,1
2,1,44,119,140,23,77,7,77,289,44,1
2,1,81,171,220,2,133,173,191,218,1
2,1,81,126,148,166,262,166,148,126,81,1
2,1,44,119,239,119,44,1
2,1,44,45,44,1
2,1,182,92,182,1
2,1,245,151,102,151,245,1
2,1,27,149,264,102,257,238,59,198,1
2,1,17,88,75,87,271,1
2,1,27,149,43,149,27,1
2,1,182,76,292,76,182,1
2,1,182,76,26,89,26,76,182,1
2,1,245,3,245,1
2,1,198,59,172,59,198,1
2,1,245,192,62,83,62,192,245,1
2,1,182,76,26,57,142,76,182,1
2,1,44,289,222,289,44,1
2,1,245,28,19,28,245,1
2,1,190,1
2,1,44,119,239,23,239,119,44,1
2,1,44,289,77,289,44,1
2,1,245,28,251,28,245,1
2,1,182,76,26,178,225,38,25,81,1
2,1,182,68,182,1
2,1,11,157,11,1
2,1,245,39,245,1
2,1,245,154,202,149,27,1
2,1,104,1
2,1,232,133,232,1
2,1,232,144,232,1
2,1,44,289,36,289,44,1
2,1,190,30,55,120,55,143,286,81,1
2,1,245,3,96,3,245,1
2,1,182,68,237,68,182,1
2,1,81,286,6,79,40,1
2,1,232,133,294,133,232,1
2,1,245,266,245,1
2,1,218,215,218,1
2,1,190,71,190,1
2,1,27,149,152,272,159,272,152,149,27,1
2,1,232,133,230,133,232,1
2,1,245,282,245,1
2,1,109,1
2,1,44,119,239,254,239,119,44,1
2,1,245,160,110,160,245,1
2,1,245,28,251,150,215,218,1
2,1,11,256,106,256,11,1
2,1,73,287,73,1
2,1,81,286,143,21,143,286,81,1
2,1,271,107,158,107,271,1
2,1,245,192,205,192,245,1
3,1,268,241,268,164,280,60,1
3,1,11,9,281,167,67,127,9,245,1
3,1,27,200,175,200,192,245,1
3,1,268,22,186,41,261,154,259,1
3,1,27,149,137,64,234,1
3,1,18,1
3,1,34,16,273,74,31,1
3,1,73,67,127,67,121,75,133,232,1
3,1,101,210,65,125,214,37,1
3,1,60,9,80,72,174,53,42,1
3,1,81,86,1
3,1,268,22,247,22,164,118,65,51,65,98,1
3,1,227,1
3,1,37,165,67,188,116,295,116,281,9,60,1
3,1,279,219,250,124,40,26,76,182,1
3,1,268,22,113,50,66,129,136,1
3,1,34,235,103,184,10,121,11,1
3,1,11,122,152,149,27,1
3,1,81,171,126,135,126,81,1
3,1,268,22,52,280,60,1
3,1,98,188,85,70,291,70,1
3,1,84,227,164,118,127,221,246,209,259,1
3,1,60,231,37,244,170,218,1
3,1,268,22,276,22,245,192,24,3,1
3,1,198,160,245,1
3,1,27,111,283,103,18,1
3,1,27,249,35,119,155,136,1
3,1,98,242,33,242,98,55,120,55,143,286,81,1
3,1,268,22,276,90,113,284,151,245,1
3,1,37,214,125,188,146,4,63,144,232,1
3,1,27,149,145,97,64,151,59,163,59,198,1
3,1,27,249,35,249,27,1
3,1,189,94,189,1
3,1,42,116,298,1
3,1,60,167,255,278,201,81,1
3,1,27,211,114,69,124,187,160,245,1
3,1,139,93,1
3,1,271,74,273,198,1
3,1,27,149,147,284,12,36,289,44,1
3,1,98,242,131,199,242,98,1
3,1,293,165,121,10,110,160,245,1
3,1,11,256,271,148,126,81,1
3,1,81,25,81,1
3,1,153,123,226,97,149,27,1
3,1,34,141,186,261,69,198,1
3,1,27,149,137,64,48,198,1
3,1,27,249,248,261,272,152,149,27,1
3,1,127,221,246,209,216,259,1
3,1,81,74,286,258,286,81,1
3,1,245,138,273,277,1
3,1,198,252,192,250,170,138,1
3,1,27,149,97,12,168,161,156,192,245,1
3,1,270,220,72,54,179,40,1
3,1,81,286,81,1
3,1,268,241,169,300,57,26,76,182,1
3,1,198,219,198,1
3,1,37,246,85,277,47,259,1
3,1,168,1
3,1,198,117,198,1
3,1,81,126,278,72,232,62,83,62,192,245,1
3,1,271,184,271,1
3,1,17,24,192,245,1
3,1,81,126,148,255,243,85,70,1
3,1,11,121,146,4,297,4,286,81,1
3,1,127,243,73,1
3,1,81,286,146,107,271,1
3,1,100,259,240,259,1
3,1,168,229,217,117,198,1
3,1,123,119,155,222,289,44,1
3,1,42,61,42,1
3,1,16,300,45,44,1
3,1,44,20,16,1
3,1,16,183,16,1
3,1,245,160,187,99,197,160,245,1
3,1,27,41,132,115,91,149,27,1
3,1,81,286,4,107,269,104,1
3,1,27,149,66,185,49,192,245,1
3,1,168,185,274,292,76,182,1
3,1,44,206,44,1
3,1,182,49,40,1
3,1,37,32,162,221,127,1
3,1,37,246,213,246,37,1
3,1,168,208,136,1
3,1,44,119,44,1
3,1,127,8,213,203,9,60,1
3,1,81,171,181,204,271,1
3,1,44,206,134,89,26,76,182,1
3,1,245,192,156,192,245,1
3,1,271,15,180,75,88,17,1
3,1,232,78,262,2,96,17,1
3,1,11,122,14,122,11,1
3,1,17,88,24,290,59,198,1
3,1,11,121,288,121,11,1
3,1,189,46,189,1
3,1,198,59,198,1
3,1,127,228,233,212,1
3,1,182,76,292,222,77,289,44,1
3,1,81,126,148,166,58,212,1
3,1,259,82,295,174,166,253,205,192,245,1
3,1,27,296,27,1
3,1,277,112,82,295,174,10,180,17,1
3,1,81,78,13,286,81,1
3,1,198,252,54,99,28,251,28,245,1
3,1,212,28,19,28,245,1
3,1,232,269,294,133,232,1
3,1,81,171,128,58,133,230,133,232,1
3,1,189,46,267,112,128,130,201,81,1
3,1,271,174,53,264,39,245,1
3,1,198,219,99,59,68,182,1
3,1,127,221,162,224,162,221,127,1
3,1,70,291,105,88,299,152,149,27,1
3,1,31,56,75,6,282,245,1
3,1,60,9,203,29,56,290,254,239,119,44,1
3,1,245,160,197,193,172,59,198,1
3,1,27,149,91,23,239,119,44,1
3,1,44,289,292,202,154,245,1
3,1,198,59,176,222,265,129,136,1
3,1,44,119,140,119,44,1
3,1,81,171,220,2,220,171,81,1
3,1,44,119,239,119,44,1
3,1,182,92,182,1
3,1,136,236,136,1
3,1,245,151,102,151,245,1
3,1,27,149,264,149,27,1
3,1,182,76,274,76,182,1
3,1,27,149,43,19,275,152,149,27,1
3,1,245,192,62,83,96,215,218,1
3,1,81,286,143,286,81,1
3,1,245,257,173,285,160,245,1
3,1,198,59,238,59,198,1
3,1,245,28,19,266,245,1
3,1,232,269,225,269,232,1
3,1,182,76,26,57,142,12,97,149,27,1
3,1,190,1
3,1,182,76,26,178,26,76,182,1
3,1,11,157,11,1
3,1,27,196,133,294,144,232,1
3,1,81,25,38,25,81,1
3,1,81,286,143,108,143,286,81,1
3,1,271,87,271,1
3,1,40,223,40,1
3,1,190,30,190,1
3,1,81,286,143,55,143,286,81,1
3,1,182,68,237,79,40,1
3,1,81,286,6,286,81,1
3,1,245,154,202,194,202,154,245,1
3,1,218,191,173,285,287,73,1
3,1,190,71,190,1
3,1,81,286,258,177,258,286,81,1
3,1,198,263,198,1
3,1,27,149,152,272,159,272,152,149,27,1
3,1,44,289,36,207,36,289,44,1
3,1,109,1
3,1,44,289,77,7,77,289,44,1
3,1,195,1
3,1,218,191,173,191,218,1
3,1,245,192,5,192,245,1
3,1,195,260,195,1
3,1,245,28,251,150,215,218,1
3,1,11,256,106,256,11,1
3,1,198,95,198,1
3,1,81,286,143,21,143,286,81,1
3,1,271,107,158,107,271,1
