1,1,2,5,4,9,13,1
1,1,17,10,24,18,17,1
1,1,13,30,25,30,1
1,1,17,20,27,22,10,1
1,1,17,21,10,1
1,1,30,4,30,15,30,1
1,1,2,14,2,1
1,1,17,28,17,1
1,1,17,21,27,3,29,1
1,1,17,29,23,24,1
1,1,11,1
1,1,12,1
1,1,30,26,30,1
1,1,7,30,1
1,1,11,16,18,19,10,1
1,1,30,4,6,4,30,1
1,1,13,8,13,1
2,1,2,5,4,30,17,10,1
2,1,13,26,7,30,1
2,1,17,20,17,1
2,1,17,21,27,12,17,1
2,1,30,4,30,1
2,1,2,14,13,30,15,30,1
2,1,17,28,29,1
2,1,24,1
2,1,11,27,25,30,1
2,1,10,22,7,6,7,19,10,1
2,1,17,21,27,3,27,17,1
2,1,18,1
2,1,13,9,13,1
2,1,11,16,11,1
2,1,17,23,24,1
2,1,13,8,13,1
3,1,2,20,17,29,3,11,1
3,1,10,21,10,1
3,1,13,28,17,1
3,1,30,1
3,1,5,2,1
3,1,30,4,26,30,1
3,1,2,14,2,1
3,1,17,21,27,22,18,17,1
3,1,24,8,19,10,1
3,1,30,15,25,30,1
3,1,17,21,27,3,29,1
3,1,12,9,13,1
3,1,7,30,1
3,1,11,16,11,1
3,1,30,4,6,4,30,1
3,1,17,23,17,1
3,1,13,8,13,1
