1,1,42,13,31,1
1,1,31,2,31,50,39,1
1,1,29,18,40,31,1
1,1,39,50,7,17,30,50,39,1
1,1,26,20,21,10,1
1,1,47,36,22,41,8,29,1
1,1,47,36,31,1
1,1,47,14,40,31,1
1,1,47,11,8,29,1
1,1,5,1
1,1,47,38,24,1
1,1,29,22,41,29,1
1,1,44,42,39,1
1,1,45,9,45,28,1
1,1,31,40,11,34,14,18,40,31,1
1,1,32,1
1,1,12,15,39,6,12,1
1,1,31,40,37,40,31,1
1,1,12,27,4,12,1
1,1,32,19,32,1
1,1,47,35,49,46,10,1
1,1,47,14,48,14,40,31,1
1,1,10,23,10,1
1,1,49,2,47,43,1
1,1,31,27,7,20,1
1,1,10,33,49,40,25,12,1
1,1,47,38,3,15,1
1,1,47,16,3,15,31,1
2,1,42,23,42,28,1
2,1,47,46,10,1
2,1,45,28,38,24,1
2,1,47,43,1
2,1,12,13,7,4,12,1
2,1,29,17,7,4,12,50,39,1
2,1,26,1
2,1,31,2,37,40,31,1
2,1,47,15,1
2,1,25,12,9,39,1
2,1,39,50,30,50,39,1
2,1,40,31,35,31,1
2,1,7,5,1
2,1,12,6,29,33,12,1
2,1,47,38,3,1
2,1,31,40,18,40,31,1
2,1,47,38,21,10,1
2,1,31,27,20,1
2,1,29,22,41,29,1
2,1,31,2,49,2,31,1
2,1,29,41,29,1
2,1,31,36,31,44,26,1
2,1,20,1
2,1,47,34,39,1
2,1,47,18,14,40,31,1
2,1,32,19,32,1
2,1,47,5,34,11,8,29,50,39,1
2,1,47,14,48,14,40,31,1
2,1,47,16,31,1
3,1,31,1
3,1,39,1
3,1,31,2,31,33,42,1
3,1,39,50,30,50,39,1
3,1,31,35,41,8,36,31,1
3,1,31,13,31,26,1
3,1,28,42,1
3,1,47,11,8,29,42,1
3,1,31,40,18,40,31,1
3,1,39,32,49,2,31,1
3,1,17,8,49,23,24,1
3,1,31,40,37,40,31,44,26,1
3,1,3,10,1
3,1,47,34,49,2,31,1
3,1,47,11,16,31,1
3,1,12,25,12,1
3,1,31,27,20,1
3,1,40,12,4,12,48,14,40,31,1
3,1,47,46,38,21,10,1
3,1,12,6,34,5,12,1
3,1,47,14,48,14,40,31,1
3,1,47,43,1
3,1,45,9,45,7,45,28,1
3,1,29,22,41,29,1
3,1,32,19,32,1
3,1,47,15,1
