1,1,92,45,77,45,92,1
1,1,2,8,1
1,1,49,70,1,58,1
1,1,2,6,2,88,2,1
1,1,31,22,31,1
1,1,65,7,65,1
1,1,28,63,73,1
1,1,65,50,65,23,41,55,1
1,1,16,4,64,4,16,1
1,1,39,1
1,1,12,32,1
1,1,65,50,83,80,83,50,65,1
1,1,58,1
1,1,2,31,20,61,2,1
1,1,49,57,90,49,1
1,1,46,60,41,55,1
1,1,2,13,75,86,75,13,2,1
1,1,69,88,2,44,2,1
1,1,2,100,2,1
1,1,55,1
1,1,12,26,12,1
1,1,2,61,82,78,84,61,2,1
1,1,31,22,34,22,89,22,31,1
1,1,24,15,1
1,1,65,97,98,36,91,98,97,65,1
1,1,24,72,93,16,17,71,92,33,65,1
1,1,70,61,2,1
1,1,31,91,31,1
1,1,2,19,13,88,13,11,13,2,1
1,1,46,68,46,1
1,1,65,3,76,21,51,11,13,65,1
1,1,15,9,15,1
1,1,55,65,55,41,55,1
1,1,28,76,55,65,14,65,1,31,1
1,1,55,95,85,3,65,55,1
1,1,81,1
1,1,12,2,13,5,10,5,13,2,1
1,1,31,91,29,91,37,31,1
1,1,65,14,38,14,65,1
1,1,46,68,94,68,46,1
1,1,65,50,83,56,83,50,65,1
1,1,58,35,74,58,1
1,1,8,62,8,1
1,1,65,50,12,26,48,26,12,1
1,1,2,13,11,51,11,13,2,1
1,1,55,53,55,1
1,1,58,96,58,1
1,1,67,49,72,18,74,79,72,49,1
1,1,55,43,87,54,87,43,55,1
1,1,39,99,39,1
1,1,2,13,75,13,2,1
1,1,65,3,27,3,65,1
1,1,2,52,24,47,1
1,1,12,2,1,12,59,12,1
1,1,2,13,90,13,2,1
1,1,92,31,37,71,92,1
1,1,2,13,66,61,10,5,13,2,1
1,1,39,99,30,25,84,10,99,39,1
1,1,8,40,8,1
1,1,55,41,42,41,55,1
1,1,2,61,84,78,84,61,2,1
1,1,55,43,87,43,55,1
2,1,8,62,8,88,2,1
2,1,81,13,99,68,46,39,1
2,1,93,72,24,52,2,1
2,1,47,1
2,1,92,71,17,71,79,72,92,1
2,1,12,26,48,26,12,1
2,1,65,52,67,91,31,1
2,1,92,45,92,1
2,1,65,97,65,71,92,1
2,1,16,70,1
2,1,58,35,58,1
2,1,58,2,6,100,29,100,6,2,1
2,1,55,42,41,23,41,55,1
2,1,31,22,34,63,22,31,1
2,1,65,3,65,50,65,1
2,1,65,3,27,3,65,1
2,1,12,59,12,91,31,1
2,1,65,97,98,97,65,1
2,1,31,22,25,22,31,20,31,1
2,1,2,100,90,13,2,1
2,1,65,50,83,50,65,1
2,1,12,79,86,75,13,2,1
2,1,65,50,83,56,83,50,65,1
2,1,46,68,2,100,10,5,13,2,15,46,1
2,1,70,1
2,1,46,69,46,15,1
2,1,65,68,23,7,65,1
2,1,8,40,8,1
2,1,65,14,65,1
2,1,2,88,36,11,13,5,13,2,1
2,1,55,41,60,68,43,55,1
2,1,2,13,75,86,79,74,79,86,75,13,2,1
2,1,58,1,39,1
2,1,65,19,13,65,33,65,1
2,1,32,60,41,55,1
2,1,2,57,18,44,2,1
2,1,16,4,89,4,16,1
2,1,92,19,5,73,5,13,2,1
2,1,55,43,87,43,55,1
2,1,58,2,76,2,1
2,1,2,13,11,51,11,13,52,2,1
2,1,49,58,1
2,1,2,61,90,100,25,84,78,84,61,2,1
2,1,73,63,73,1
2,1,15,9,15,1
2,1,2,44,18,44,2,1
2,1,54,53,31,96,21,4,45,30,91,99,39,1,58,1
2,1,55,95,55,1
2,1,2,13,5,10,5,13,2,1
2,1,46,68,94,68,38,68,46,1
2,1,31,57,21,51,82,100,37,85,37,31,1
2,1,2,4,21,76,28,76,2,1
2,1,2,61,84,61,2,15,1
2,1,65,50,83,80,83,81,83,50,12,50,65,1
2,1,31,37,31,1
2,1,2,13,5,19,75,66,75,13,2,1
2,1,16,18,28,77,16,4,64,4,16,1
3,1,47,68,46,1
3,1,49,37,31,1,58,1
3,1,65,50,12,26,48,26,12,1
3,1,39,99,39,1
3,1,55,1,15,31,1
3,1,2,13,11,13,2,1
3,1,2,88,2,100,82,100,2,1
3,1,55,95,55,1
3,1,58,35,18,100,58,1
3,1,2,13,5,10,5,13,2,1
3,1,65,50,83,50,65,1
3,1,58,96,58,1
3,1,28,18,16,1
3,1,55,43,87,54,87,43,55,1
3,1,31,91,29,91,31,1
3,1,46,68,94,68,46,1
3,1,16,4,16,1
3,1,65,3,65,36,11,13,2,1
3,1,12,26,12,1
3,1,65,3,27,3,65,1
3,1,49,72,49,1
3,1,16,4,64,4,16,1
3,1,2,13,90,13,52,2,1
3,1,49,57,49,1
3,1,65,33,65,55,1
3,1,8,40,8,42,41,53,55,1
3,1,31,1,12,59,12,1
3,1,39,99,30,99,39,1
3,1,31,22,34,22,3,52,2,31,1
3,1,16,4,89,4,16,72,84,61,2,1
3,1,15,9,15,1
3,1,6,91,65,14,65,1
3,1,49,72,21,25,75,72,49,67,1
3,1,2,13,66,75,13,2,1
3,1,2,61,84,61,2,1
3,1,2,44,18,35,76,2,1
3,1,2,6,2,86,75,13,2,1
3,1,65,55,41,60,41,55,1
3,1,73,79,63,79,73,10,5,13,2,1
3,1,2,13,11,51,11,13,2,1
3,1,92,45,92,1
3,1,65,7,65,1
3,1,31,37,85,37,31,1
3,1,92,45,77,45,92,1
3,1,2,13,75,13,2,1
3,1,65,14,38,14,65,1
3,1,24,1
3,1,55,53,55,1
3,1,2,44,18,44,61,10,5,13,2,1
3,1,2,13,70,91,8,62,8,1
3,1,92,71,17,71,92,1
3,1,31,20,31,1
3,1,81,1
3,1,65,69,97,98,97,65,55,1
3,1,32,12,1
3,1,2,19,13,5,10,61,84,78,84,61,2,1
3,1,65,50,83,80,83,50,65,55,1
3,1,24,23,68,52,67,49,72,93,72,49,1
3,1,65,50,83,56,83,50,65,1
3,1,2,13,75,86,79,74,79,86,75,13,2,1
